X,Y,is_wing_root
464.50592518337305,1741.9944796108307,NO
464.50592518337305,1743.0055203891693,NO
464.53035884243906,1744.0157421616082,NO
464.5880256151647,1745.028769161021,NO
464.6855332830422,1746.0351359460947,NO
464.80688955490734,1747.0258919041285,NO
464.9450451726519,1748.008596286009,NO
465.1000603242303,1748.9809941282313,NO
465.2688571949855,1749.9459260488566,NO
465.5970322088638,1751.0843973871874,NO
465.84727274427433,1752.0423529338022,NO
466.06331518416613,1752.9814299031186,NO
466.3058196368401,1753.9119747599343,NO
467.075788623865,1755.9709494808817,NO
468.00475591289825,1757.9977507648246,NO
468.3320812529343,1758.844581501667,NO
469.0336053526728,1759.9810533628884,NO
469.4744401650066,1760.738874010328,NO
470.1217499824602,1761.9271038849417,NO
471.3632230051473,1763.7365144566404,NO
472.17070777567983,1764.8663355046313,NO
473.09678937246093,1765.9165727041202,NO
474.06549314817477,1766.9376198720004,NO
475.0641079452474,1767.9326928095227,NO
476.07877670561834,1768.9130955367095,NO
477.11599665564773,1769.8550041804403,NO
478.213343018652,1770.716287298777,NO
479.53614217251265,1771.6745592968564,NO
481.1613060463897,1772.7207602148433,NO
483.0925318825621,1773.8074498378257,NO
485.0948490548603,1774.756368109403,NO
485.9888372836733,1775.0270335164382,NO
488.0472492562521,1775.8416813982096,NO
488.9821819631289,1776.0607510177886,NO
489.92965692868114,1776.2914212852531,NO
491.07024838479754,1776.6595655146477,NO
492.03087866080443,1776.8420777104875,NO
493.00015285834746,1776.999056495057,NO
493.9766985172367,1777.1463496719618,NO
494.9676822460975,1777.2821891731767,NO
495.97334145371246,1777.3817503819253,NO
496.97631549017444,1777.4462660300428,NO
497.9918671639626,1777.4852592437162,NO
499.0081328360374,1777.4852592437162,NO
500.02368450982556,1777.4462660300428,NO
501.02665854628754,1777.3817503819253,NO
502.0323177539025,1777.2821891731767,NO
503.0233014827633,1777.1463496719618,NO
503.99984714165254,1776.999056495057,NO
504.96912133919557,1776.8420777104875,NO
505.92975161520246,1776.6595655146477,NO
507.0703847559617,1776.2915939787674,NO
508.0180340028881,1776.0620785894214,NO
508.9533531282211,1775.8436998144791,NO
512.6132362828645,1777.0470183343652,NO
512.792541501457,1778.0439323879639,NO
512.9899149035148,1779.0025311614952,NO
513.1909005705058,1779.9517133839681,NO
513.3987201808095,1780.9491827229933,NO
513.5047931910223,1782.0087733486293,NO
513.665735159346,1783.0622650182447,NO
513.9661976111723,1784.0159070066381,NO
514.2371405687662,1784.9122240455813,NO
515.1040119418718,1786.9556872199512,NO
516.0000473716638,1788.999977150139,NO
516.3006054995166,1789.8983292339542,NO
517.1565622634696,1791.9384655776653,NO
518.0249064958083,1793.9883281325783,NO
518.3444407113701,1794.8878821581077,NO
519.2001802417526,1796.9224123424096,NO
520.0717025758264,1798.9692502203493,NO
520.970524121464,1801.0140443885666,NO
521.249727498411,1801.9065468836611,NO
522.1635284978244,1803.9019595008258,NO
523.0076862451418,1804.9943404765254,NO
524.2736794401633,1806.9134689966368,NO
524.9914204143405,1808.9995350065224,NO
524.9880917907301,1810.0010375469226,NO
525.1358590801469,1810.9597750579373,NO
525.3852073062344,1811.9005786737798,NO
526.1599237617472,1813.9351660415618,NO
527.0396405833071,1815.981811967659,NO
527.3632651712079,1816.894511172614,NO
528.1846785591731,1818.929083433419,NO
528.9427266604432,1820.0486019182597,NO
529.3127213907208,1820.442941016106,NO
530.0487101371906,1820.8154919018236,NO
531.0000838045224,1820.999572596926,NO
531.9737664924655,1821.163159630662,NO
532.9604746002319,1821.305423562853,NO
533.965448793086,1821.4195503929689,NO
534.9876753731436,1821.4835045905324,NO
535.9990215878505,1821.4989902222583,NO
537.024704931575,1821.5333512874422,NO
538.0510649933378,1821.652758049487,NO
539.0285765610384,1821.7757839015533,NO
540.0120430194047,1821.8883283674977,NO
540.9924066943036,1822.036881770846,NO
541.9537802946252,1822.2123608147808,NO
542.9553442608224,1822.3926625253152,NO
543.9867171076841,1822.483876785841,NO
545.002922112776,1822.5032408123484,NO
546.0389938491516,1822.567676889841,NO
547.0525344839715,1822.734726849788,NO
548.0185055873183,1822.9109636804872,NO
548.9862678787578,1823.0786896811426,NO
549.965579823755,1823.2309775072779,NO
550.9578669547158,1823.3642008996364,NO
551.975564331097,1823.461562639809,NO
552.9970772712269,1823.4968639071603,NO
554.0058033102237,1823.5067186176645,NO
555.0477196307057,1823.5943831253085,NO
556.0469366918379,1823.7557376373459,NO
557.0142242142877,1823.8948645040537,NO
557.9974239095931,1824.020212402028,NO
558.9735558710563,1824.155017313419,NO
559.9534635934463,1824.3042764948636,NO
560.9667743283215,1824.434489527744,NO
561.9922937320637,1824.491274549135,NO
563.0077010588124,1824.5090575324948,NO
564.0485361975287,1824.600750634295,NO
565.0442285699407,1824.7574562130028,NO
566.0148526846839,1824.9098229860424,NO
566.9920171695447,1825.053568995883,NO
567.9759185172323,1825.186084196715,NO
568.9620468380554,1825.3072398810907,NO
569.9657473159276,1825.4159254725491,NO
570.9868135816388,1825.4803623775322,NO
572.0048128967578,1825.4909154647255,NO
573.0067873328837,1825.486748729664,NO
574.0461511445297,1825.5642266949442,NO
575.0477673072842,1825.7211722210448,NO
576.0206338613864,1825.87472298471,NO
576.9970527772487,1826.0192703020018,NO
577.9779056646108,1826.156501549602,NO
578.9691782142295,1826.2806984120605,NO
579.9671143103204,1826.3811750508694,NO
580.9758355918661,1826.4564388252247,NO
581.9921666199006,1826.4974196270502,NO
583.0337741252193,1826.558338387903,NO
584.05044392561,1826.700855794928,NO
585.0254937008092,1826.8601958248455,NO
585.9980524539807,1827.0122623265006,NO
586.9792165904361,1827.1514219868939,NO
587.9675762130169,1827.2756021986606,NO
588.9647516672769,1827.382481893171,NO
589.9792796696079,1827.4594507967488,NO
590.9942149711385,1827.491727466508,NO
592.0119548205315,1827.512721525594,NO
593.0422565453114,1827.59338041672,NO
594.0417602084256,1827.72695249192,NO
595.0198577069408,1827.8631428311562,NO
596.0003336585504,1827.9977004613522,NO
596.9839661964829,1828.1258036914596,NO
597.9782804542705,1828.2356801677606,NO
598.980148396843,1828.3163849229527,NO
599.9839675025303,1828.3716624385709,NO
600.9936727240645,1828.4033638147748,NO
601.9961961004342,1828.423078174029,NO
603.0605485677451,1828.5357943372076,NO
604.0465565835508,1828.701737520796,NO
605.0221704445619,1828.8429593437336,NO
606.0035157877801,1828.9757695708136,NO
606.9873765576065,1829.1021897713183,NO
607.9782845369984,1829.2129785799905,NO
608.9695364285228,1829.3107284267408,NO
609.9677682088188,1829.4009320537475,NO
610.9796148495669,1829.4707116627953,NO
612.038001656943,1829.556647327929,NO
613.0448872228219,1829.6820488235917,NO
614.0266221467919,1829.8140096666862,NO
615.0078433989406,1829.9384594840972,NO
615.9957827282059,1830.0448085124353,NO
616.988105250885,1830.1348071539478,NO
617.9717693473871,1830.2322198837778,NO
618.9593805240484,1830.345265557245,NO
619.9747900699217,1830.4433470588674,NO
620.9971130064349,1830.4859772701216,NO
622.0355806679432,1830.5456622286176,NO
623.0418141272833,1830.6569881872854,NO
624.023697590395,1830.7630241102445,NO
625.015628744354,1830.8734815938678,NO
626.0004135184001,1830.9970296567171,NO
626.9863473847636,1831.1180141316145,NO
627.9760653607294,1831.2260493755934,NO
628.9617599202655,1831.3305498415207,NO
629.9641586453697,1831.434363084655,NO
631.0304314393254,1831.5333846016558,NO
632.0483509728349,1831.6575139265274,NO
633.0323584639527,1831.8035378978536,NO
634.0080385308808,1831.9487543668913,NO
634.9883013039612,1832.0852333585021,NO
635.976917951585,1832.2065235905927,NO
636.9675677277514,1832.3120841263617,NO
637.9681627386642,1832.4059250812722,NO
638.9824710797824,1832.470513131233,NO
640.0078291415414,1832.5028495213842,NO
641.037948266712,1832.5699196525095,NO
642.0437649669351,1832.6942447635286,NO
643.0243415757953,1832.8251520703022,NO
644.0059781194623,1832.9593487881461,NO
644.9853494064789,1833.0970364016464,NO
645.9654182076752,1833.2351561849755,NO
646.9561073688463,1833.3669711752473,NO
647.9762090693574,1833.466668237236,NO
648.9990216356896,1833.4989658243571,NO
650.0272440058742,1833.5368519018668,NO
651.0448343990829,1833.6427258823921,NO
652.0320741191675,1833.7728083120217,NO
653.0133280058093,1833.9236260364373,NO
653.9792391288536,1834.0945361142687,NO
654.9452158525834,1834.2766328374853,NO
655.9605923761748,1834.4485384652578,NO
657.0550020012449,1834.618727617736,NO
658.0440402869567,1834.8203156300988,NO
658.9969780227401,1835.01317272142,NO
659.9563224796954,1835.2025048595704,NO
660.9473504244708,1835.388530791969,NO
662.056908075425,1835.6000516406102,NO
663.04591156578,1835.792071612196,NO
664.0058747645037,1835.971734622608,NO
664.9745339822216,1836.142721632876,NO
665.9625081340718,1836.2972780214318,NO
666.9321910833056,1836.4590517017527,NO
668.0530465008102,1836.7212953542646,NO
669.0188835994029,1836.8715915256075,NO
669.9986678780654,1837.0089392396383,NO
670.9768457132126,1837.1485118869466,NO
673.0628634335512,1837.794361995613,NO
673.9978282286257,1838.0086531514862,NO
674.9575498875588,1838.205007881571,NO
675.9325409961841,1838.4064196764007,NO
677.0632111161684,1838.7223723221175,NO
678.0191876713506,1838.9155244074643,NO
678.9830023847554,1839.0922211041052,NO
679.9609210857092,1839.2517869417138,NO
680.9516330391439,1839.410067715753,NO
682.0680364129478,1839.6834827879713,NO
683.0265405912372,1839.8853721035587,NO
683.9866581909781,1840.0660613856085,NO
684.9624906361388,1840.2340308177338,NO
685.9509512927992,1840.4007029907746,NO
687.070328533949,1840.7066029762063,NO
688.0198291831108,1840.9206036334049,NO
688.9729504262858,1841.114960691365,NO
689.9425224533421,1841.3086757251433,NO
691.0699642902607,1841.5933839943161,NO
692.0457461403392,1841.8402018327054,NO
692.9842131957222,1842.0551456881897,NO
693.9450981844864,1842.2718439455468,NO
694.9574754326432,1842.4551033464195,NO
696.0551615474656,1842.637357324568,NO
697.0394517503174,1842.8323300566592,NO
697.9932118435964,1843.0281460152823,NO
698.947156695824,1843.2245840487647,NO
699.9394879568151,1843.4386018727987,NO
701.0609938828851,1843.7082029723017,NO
702.0217176706911,1843.9214467195181,NO
702.9711422383815,1844.1247242227482,NO
703.9466935953914,1844.3161193709464,NO
705.0529422762431,1844.5292430035165,NO
706.0587011545275,1844.7538416568418,NO
707.0073984966596,1844.9754984846425,NO
707.9507037453229,1845.1933929975166,NO
708.9510418590978,1845.405596304632,NO
710.0480994598371,1845.5787150778706,NO
711.0532354658507,1845.784523109689,NO
712.0059665856968,1845.973539489202,NO
712.9763023634766,1846.1473877489561,NO
713.9685763931885,1846.2856181458353,NO
714.9705141281971,1846.3970494610041,NO
716.0749054838622,1846.6278505336354,NO
717.0369632438604,1846.8374271469258,NO
717.9987858556865,1847.0068801511102,NO
718.9803750189097,1847.1516475906806,NO
719.9715754243667,1847.268454331013,NO
720.9765097532814,1847.360895586384,NO
721.9832321285121,1847.4315520725272,NO
723.0461846448015,1847.5458509791804,NO
724.0292395858221,1847.657724841995,NO
725.0238071559463,1847.7571670111652,NO
726.0176042566196,1847.8770113626817,NO
726.9996349740541,1848.002820655214,NO
727.9873683367463,1848.1171299662785,NO
728.9756506004237,1848.221753465117,NO
729.9710140429305,1848.3213660457711,NO
730.9675134351038,1848.407886888655,NO
731.9712562201453,1848.492608900656,NO
733.0433557056061,1848.6113333495484,NO
734.035536599795,1848.7339981066502,NO
735.0180812671326,1848.853627838126,NO
736.003792033418,1848.9672214060724,NO
736.9902312451278,1849.0803558866382,NO
737.9753230902674,1849.196644124386,NO
738.9691398479395,1849.3086015021195,NO
739.9652728843391,1849.4025188526557,NO
740.9799722519183,1849.4746110473693,NO
742.0217423761237,1849.5286067955883,NO
743.0445191295003,1849.6277908878026,NO
744.0364683912468,1849.7645711409814,NO
745.0143808382973,1849.90349700249,NO
745.9942842935327,1850.039392030882,NO
746.9801583504029,1850.1658892000803,NO
747.9725229229339,1850.2747707542014,NO
748.9674672023418,1850.368705032772,NO
749.9773607689402,1850.4440772078153,NO
750.9895564608855,1850.4842004596933,NO
752.0115825429069,1850.5096723438783,NO
753.0401696099183,1850.583547729796,NO
754.0400718322868,1850.704397631068,NO
755.0226744358616,1850.8299417348726,NO
756.0061835580279,1850.9491352486152,NO
756.993475520363,1851.0594193693794,NO
757.9865523723648,1851.1558702340708,NO
758.9839461745681,1851.23392717557,NO
759.9799407030107,1851.3008894683198,NO
760.9917688755615,1851.349822777553,NO
762.0031748008242,1851.3587525118542,NO
763.003570036455,1851.3548616232943,NO
763.9387409501057,1851.4363529393795,NO
765.0573377397906,1851.6977303782467,NO
766.0214411761505,1851.854200003934,NO
767.0029562617831,1851.9735492367402,NO
767.9927836666625,1852.075108771125,NO
768.9774931731428,1852.1793512764762,NO
769.9614665914969,1852.2977581753241,NO
770.9628393760601,1852.4119982219433,NO
771.9857371383912,1852.4839864376797,NO
773.0238405001589,1852.5332763593935,NO
774.0418288207835,1852.626475976408,NO
775.0315623026917,1852.738520435999,NO
776.0157777009907,1852.8390674510997,NO
777.0046546639114,1852.9086969805792,NO
777.9955561856045,1852.9093461890368,NO
778.9760371200631,1852.825413299941,NO
779.9518008349309,1852.6965237826128,NO
780.9630591649411,1852.5618645231036,NO
782.0073173726167,1852.4961178724752,NO
783.0425014607521,1852.4168412507645,NO
784.0510437228689,1852.2345252201412,NO
785.0107327188939,1852.046783646571,NO
785.9775930248447,1851.8701413925583,NO
786.9572332601105,1851.7126878551292,NO
787.9564308419601,1851.5730222467323,NO
788.98526504808,1851.4964711032158,NO
790.0168698768076,1851.4646054945863,NO
791.0339896224242,1851.3939706353376,NO
792.0354544676717,1851.2825277891927,NO
793.0225005793717,1851.1452569073551,NO
793.9974064627634,1850.9865030212345,NO
794.963030238945,1850.8169458401858,NO
795.9493665340409,1850.646259361268,NO
796.9705738743661,1850.5151925013988,NO
798.042282032316,1850.3993303135173,NO
799.0411327692384,1850.262221397468,NO
800.0188429024479,1850.1157816871707,NO
800.9959213446136,1849.972985528424,NO
801.9808519297391,1849.842491680531,NO
802.9633336251554,1849.7232367632214,NO
803.955808021689,1849.6022721832749,NO
804.9804570419332,1849.507517480219,NO
806.0276940448392,1849.441373836331,NO
807.0395011827054,1849.3414509010915,NO
808.0320402824701,1849.2042567957403,NO
809.0091992676834,1849.0539267436159,NO
809.9835234459675,1848.9011406758054,NO
810.9566840235254,1848.7489642244889,NO
811.9548083004664,1848.5995622462299,NO
813.0277049069335,1848.481492167247,NO
814.0368857142988,1848.3919107111255,NO
815.0363718109837,1848.2727885762263,NO
816.0215541806937,1848.1263520984635,NO
816.9957506610599,1847.9745039663596,NO
817.9663647262022,1847.8179308026283,NO
818.9313881234643,1847.636125775645,NO
820.0363937610766,1847.4070244665143,NO
821.0277883161956,1847.300350315237,NO
822.0193929754208,1847.2104344058328,NO
823.0108914233848,1847.123436129232,NO
824.0033082425018,1847.0432616302292,NO
824.9969392021017,1846.963697514018,NO
825.9818696716261,1846.8619930269742,NO
826.9530185428163,1846.7307804220357,NO
827.9558014402278,1846.5825691490193,NO
828.9946523022237,1846.5046087380624,NO
830.0203627468408,1846.4720454914252,NO
831.0419009090402,1846.3815975725433,NO
832.0373753240813,1846.2475508554658,NO
833.0165444851694,1846.0927218365675,NO
833.9851362146203,1845.9256810719723,NO
834.9500261356029,1845.752556589526,NO
835.955722685439,1845.5818253537761,NO
836.9961129200908,1845.5043972827298,NO
838.0160117829089,1845.480353519493,NO
839.0412680368446,1845.3971075207612,NO
840.0403947352628,1845.2607761436177,NO
841.0186618990226,1845.1012507288706,NO
841.9842771410345,1844.9271031110593,NO
842.9471690774207,1844.7458134766518,NO
843.9587494511757,1844.5706575783684,NO
844.99755265986,1844.5012320625724,NO
846.024638809972,1844.4653997489318,NO
847.0430854373577,1844.3662262299035,NO
848.0353307282116,1844.2280844519541,NO
849.0126351590616,1844.065754395635,NO
849.9764487767667,1843.8908079689436,NO
850.9455083636486,1843.7105131909364,NO
851.9656867764252,1843.551288640582,NO
853.0048497003436,1843.494669430434,NO
854.0290760625513,1843.449357312649,NO
855.0433347303937,1843.3400109678369,NO
856.0319077084775,1843.1960594091856,NO
857.0063377263291,1843.0329820433944,NO
857.968838691747,1842.8581047501812,NO
858.9411077732426,1842.6725333305744,NO
860.0512938877538,1842.4507506991297,NO
861.037876342657,1842.3274056735654,NO
862.0213266228468,1842.2314165366486,NO
863.013172277883,1842.1399554513284,NO
864.0041322494704,1842.0339910842633,NO
864.9856676773705,1841.9062886626646,NO
865.9590037291432,1841.762407973103,NO
866.9529925753012,1841.6133260236688,NO
867.9805372852888,1841.5085664736966,NO
869.0322616698917,1841.4329855552978,NO
870.0401946103641,1841.3253849396467,NO
871.0275518621224,1841.1979077316896,NO
872.0090219024845,1841.0561118361818,NO
872.9806967269402,1840.8995239909386,NO
873.9436417969683,1840.7264565403502,NO
874.9296829471523,1840.5149662961205,NO
876.0280631841,1840.3516559505626,NO
877.0167158537655,1840.2841695129523,NO
878.0186055191609,1840.2062785820021,NO
879.0125398264875,1840.0954524077067,NO
879.9941544092773,1839.9622626415066,NO
880.9711925223149,1839.8193308819027,NO
881.9473359774901,1839.6691109649673,NO
883.0526467834469,1839.46148938536,NO
884.0376510746985,1839.3297714803068,NO
885.021941330621,1839.2331266358854,NO
886.009717636205,1839.1598707835576,NO
887.0063749897536,1839.095624850588,NO
888.0006035153283,1839.0053067725948,NO
888.9802717283807,1838.87877809274,NO
889.9506464687128,1838.729351584369,NO
890.950197234042,1838.5647671292998,NO
892.0371540429662,1838.4194278580783,NO
893.0366506063069,1838.3115301641255,NO
894.0244882107023,1838.1951404289882,NO
895.00946569452,1838.0804584061361,NO
895.9960193179046,1837.9667188876942,NO
896.9769335406704,1837.8431480784488,NO
897.9514057809484,1837.7049636706809,NO
898.9616165166412,1837.5649871972773,NO
900.011122016715,1837.4917865830707,NO
901.0315478942483,1837.4348493313794,NO
902.0365070384639,1837.3385198052147,NO
903.0294944943334,1837.2148884628707,NO
904.0114863408656,1837.0650892649053,NO
904.9790380838905,1836.8981849780116,NO
905.9468368823681,1836.72333481099,NO
906.9592557710272,1836.5561945801892,NO
908.0352179000491,1836.4372173528811,NO
909.0418015616043,1836.3230120872383,NO
910.0270719648965,1836.1944605827823,NO
911.008687566623,1836.0553832358646,NO
911.9858807055389,1835.9111007406643,NO
912.9649417000054,1835.7677956681803,NO
913.9553611937922,1835.6328098208821,NO
914.9770621224825,1835.5320673126057,NO
916.0034196449186,1835.497802579718,NO
917.0252789972725,1835.4604388730029,NO
918.0396970972275,1835.3681003495901,NO
919.0351095024413,1835.2356032490334,NO
920.0142457308222,1835.0741359420974,NO
920.9775882137648,1834.8979463255873,NO
921.9453197137508,1834.7154393420833,NO
922.9487483036197,1834.530192800199,NO
924.0421868000627,1834.3674217931496,NO
925.0307111092297,1834.2526236397653,NO
926.0176535815276,1834.1286189536168,NO
927.0005100205971,1834.0039410684976,NO
927.9849702302133,1833.8820741118016,NO
928.9647424371508,1833.7570086895591,NO
929.9546494893544,1833.6269554779408,NO
930.9722231264913,1833.517257103331,NO
932.0334976109376,1833.4270945386559,NO
933.0341218171378,1833.334656284335,NO
934.0237039768496,1833.2370397542963,NO
935.0153236926946,1833.128116118115,NO
935.9990710337221,1832.9942222825296,NO
936.9676051602241,1832.8380257986594,NO
937.9467807532125,1832.6690022240234,NO
939.0504098239704,1832.4717598738011,NO
940.0503563073731,1832.3170582241673,NO
941.0234906927067,1832.1963975930214,NO
942.0087323794667,1832.0968155114788,NO
942.9989247561807,1831.9914316508173,NO
943.9823901778626,1831.8698404462625,NO
944.9641471032376,1831.7424651211873,NO
945.9556536971394,1831.6166675518364,NO
946.9813168512677,1831.5235797108794,NO
948.0169135478935,1831.4792172206842,NO
949.0392056139433,1831.3998972592276,NO
950.0396783501606,1831.269812777841,NO
951.0207814125109,1831.1115633743852,NO
951.990176961273,1830.947265791172,NO
952.963437184798,1830.785666247668,NO
953.9521297814659,1830.6356147653948,NO
954.978701256923,1830.5277235308859,NO
956.012372115106,1830.4853675910888,NO
957.0374453409969,1830.4151548675745,NO
958.0421031994325,1830.2863017526913,NO
959.0234867405725,1830.128798263437,NO
959.9913215591716,1829.957847572753,NO
960.9569456793511,1829.782596983822,NO
961.9516457509163,1829.6127852565587,NO
963.0201565899137,1829.4940822852664,NO
964.0207557802353,1829.4410603197202,NO
965.0279997870986,1829.37578660391,NO
966.0305751299043,1829.278452081803,NO
967.0221867440777,1829.1488847356613,NO
967.9992022001874,1828.9956249684744,NO
968.9635210967489,1828.8277385125712,NO
969.9458796318936,1828.650615339001,NO
970.9803043442683,1828.5226148228885,NO
972.029429551816,1828.4548203283414,NO
973.046973733529,1828.337416941563,NO
974.0300400134006,1828.2015843081235,NO
975.0094672999392,1828.0652476073967,NO
975.9877270954571,1827.9236685155524,NO
976.9580874740486,1827.7726022525237,NO
977.9516938692801,1827.615060520916,NO
978.9820043898859,1827.5082821108947,NO
980.0374244706896,1827.4241439926902,NO
981.0440286622724,1827.295455508073,NO
982.0236516483532,1827.156653779651,NO
983.0024574819685,1827.0160681508294,NO
983.9798162493636,1826.8729171286054,NO
984.9538402252507,1826.7262618054267,NO
985.9572994326088,1826.5812059725777,NO
986.9936941740976,1826.5057202881628,NO
988.0203727681652,1826.4722778039447,NO
989.038359937453,1826.3912713590914,NO
990.0347650931169,1826.2770343357101,NO
991.0216625111574,1826.1398465934717,NO
991.9963195135807,1825.9808464492642,NO
992.957418731399,1825.8078190472463,NO
993.9476592778436,1825.624031451996,NO
995.02238483491,1825.490519843457,NO
996.0488221431096,1825.3772620386426,NO
997.0383063897025,1825.232574508406,NO
998.0135432660824,1825.0920942082505,NO
998.9929997397307,1824.953634638341,NO
999.9619289874541,1824.801587581695,NO
1000.9310523020537,1824.6156269134403,NO
1002.0228403062662,1824.421037332847,NO
1003.026698777569,1824.3352180000654,NO
1004.0167372034068,1824.266749177304,NO
1005.0144030014345,1824.19852784767,NO
1006.0111488539778,1824.1114885330999,NO
1007.0000687288715,1824.0005310867682,NO
1007.9801764023566,1823.8703841733127,NO
1008.9522985803221,1823.7266547943852,NO
1009.9578052952971,1823.5780529782464,NO
1010.9941491873209,1823.5036560619578,NO
1012.0325847666084,1823.4491413550854,NO
1013.0468450015703,1823.32727328582,NO
1014.0281248430841,1823.1912489306674,NO
1015.0075518464083,1823.0464029106356,NO
1015.9792262730325,1822.8900723665345,NO
1016.9458268037503,1822.721355316928,NO
1017.9366052691356,1822.5267509516966,NO
1019.0334976964155,1822.3620602129065,NO
1020.0241245219814,1822.27341124367,NO
1021.018266018834,1822.179147492874,NO
1022.008444165338,1822.0742504176815,NO
1022.9942412566987,1821.9568094262142,NO
1023.9754867726919,1821.8287432131867,NO
1024.953903485078,1821.6946854112052,NO
1025.9554209158762,1821.5555332698716,NO
1027.042205060048,1821.4123109612615,NO
1028.039900134727,1821.286606586621,NO
1029.0218862923405,1821.1572113874904,NO
1030.0042427233552,1821.0332890607879,NO
1030.9916256836595,1820.9209092329163,NO
1031.9749767160695,1820.8095242623729,NO
1032.9521698950355,1820.6832031910878,NO
1033.9639165350775,1820.5529170436598,NO
1035.0275125302696,1820.4586925066808,NO
1036.0479997197524,1820.3399980306897,NO
1037.029739567743,1820.2106552812882,NO
1038.0095804219795,1820.1039577663128,NO
1039.0003421748672,1820.0030615645944,NO
1039.9792500202318,1819.875500121391,NO
1040.9491323540658,1819.7240159631924,NO
1041.9602497757776,1819.5686677967437,NO
1043.0211491621253,1819.4779710811408,NO
1044.0400636107138,1819.3929315676346,NO
1045.0313509501061,1819.2907088049258,NO
1046.0205167656018,1819.1835710602134,NO
1047.0082573253246,1819.053990202355,NO
1047.9811090493588,1818.9006764458281,NO
1048.9489959038972,1818.7345705346659,NO
1049.9578227976895,1818.5706360728923,NO
1051.0357303090805,1818.4486139007954,NO
1052.0459337510401,1818.3253640849641,NO
1053.0274277869105,1818.194280166298,NO
1054.0088647698249,1818.0664857721877,NO
1054.9918493290454,1817.9397559108866,NO
1055.9705874787915,1817.8076873673497,NO
1056.9526753022205,1817.669375412028,NO
1057.9689845927448,1817.548061198924,NO
1059.0068119047148,1817.495322787074,NO
1060.0357621724195,1817.4342549749256,NO
1061.0452050343704,1817.307394230015,NO
1062.025967490447,1817.1634990100893,NO
1063.0015788803723,1817.008848669895,NO
1063.9712433808015,1816.8472304652853,NO
1064.949941455584,1816.6848165795927,NO
1065.9682304254618,1816.5499310234545,NO
1067.0249294090859,1816.469965528268,NO
1068.0473921223422,1816.3607459950445,NO
1069.0312025717333,1816.237512106055,NO
1070.014622420312,1816.1165224118347,NO
1070.9987875644179,1815.9915295599637,NO
1071.9922891231292,1815.887641506058,NO
1073.001974288179,1815.8561590045117,NO
1074.0010459343846,1815.866643358214,NO
1074.9986831050726,1815.8656767186485,NO
1075.9985872956488,1815.855904157517,NO
1076.9958818111936,1815.8384402857969,NO
1077.9936521213963,1815.8095636291096,NO
1078.9966209781087,1815.7845873683705,NO
1079.995431945476,1815.7670292253479,NO
1081.0023335307749,1815.7619798631877,NO
1082.0079701944987,1815.786063195932,NO
1083.0011362406353,1815.8068390858846,NO
1083.999246455512,1815.8078461499595,NO
1085.0011244260995,1815.808847557033,NO
1086.000367166479,1815.8127450859663,NO
1087.0,1815.813725490196,NO
1088.0040852398288,1815.826377312777,NO
1089.0098151275126,1815.883588024833,NO
1090.0027869667351,1815.9721303343172,NO
1090.9962825751595,1816.0541681916889,NO
1091.994449668051,1816.1132267683815,NO
1092.9967763761065,1816.1494589290078,NO
1094.0012294465716,1816.1567544470076,NO
1095.0030594432603,1816.1418469176804,NO
1096.0030215609308,1816.1185381592175,NO
1097.0,1816.105882352941,NO
1097.9984535322558,1816.1126712210412,NO
1099.0009069668963,1816.1156382860195,NO
1100.000430564754,1816.1097940154916,NO
1101.001008777773,1816.10289533189,NO
1102.0009129704083,1816.0931229807811,NO
1103.0003383317278,1816.0862745931056,NO
1104.000323005528,1816.08236641203,NO
1104.9989845368284,1816.086314371926,NO
1105.9975571714026,1816.1038202121003,NO
1106.9964549242682,1816.129142043002,NO
1107.9943456313542,1816.160207121781,NO
1108.9918543352264,1816.1978233004259,NO
1109.9945709569943,1816.2307343204343,NO
1110.9975692966643,1816.2479317379236,NO
1111.991592611944,1816.2679855046495,NO
1112.9881417644065,1816.3023850053814,NO
1113.9893972834886,1816.337961601871,NO
1114.986150255542,1816.3717563061923,NO
1115.996109873073,1816.3967929428577,NO
1117.0069307799145,1816.3927441766214,NO
1118.0037191769552,1816.3793560458964,NO
1118.9977796963215,1816.3774516373167,NO
1119.9907861442864,1816.391588855423,NO
1120.9868780628096,1816.4182617641131,NO
1121.9921733523038,1816.4435100151875,NO
1123.0017684753102,1816.4509612173542,NO
1124.0,1816.4490196078432,NO
1125.0135262694635,1816.431149855818,NO
1126.028936736927,1816.368943395131,NO
1127.0318256472613,1816.2660832780246,NO
1128.0170683000067,1816.1612006145292,NO
1129.0059296758645,1816.072003210925,NO
1130.0004585402096,1816.0101676305649,NO
1130.9995278484007,1816.0104694483332,NO
1131.990161192114,1816.086513653603,NO
1132.976286760691,1816.1950605163765,NO
1133.9828837463494,1816.2909763109726,NO
1134.9927659607788,1816.3353963707082,NO
1135.9930127917287,1816.3563476125378,NO
1136.9978263205323,1816.3695255212067,NO
1138.0007285836973,1816.3715777049654,NO
1138.9940667297114,1816.378245956413,NO
1139.984152583012,1816.4041091301815,NO
1140.9835364251344,1816.4419170185672,NO
1141.992627123318,1816.4700208580498,NO
1142.9981162993618,1816.4803436768696,NO
1144.0009438658826,1816.4813716252277,NO
1144.9981084769304,1816.4823383968946,NO
1145.9961714075891,1816.488145560799,NO
1146.9970880421488,1816.4950328503667,NO
1147.9990215506798,1816.4990091792934,NO
1149.0,1816.5000000004902,NO
1150.0,1816.5000000004902,NO
1151.0,1816.5000000004902,NO
1152.0,1816.5000000004902,NO
1153.0,1816.5000000004902,NO
1154.0,1816.5000000004902,NO
1155.0,1816.5000000004902,NO
1156.0,1816.5000000004902,NO
1157.0,1816.5000000004902,NO
1158.0,1816.5000000004902,NO
1159.0038893309597,1816.5041102737816,NO
1160.0140034980718,1816.5238810495862,NO
1161.0097370769863,1816.5485536941899,NO
1162.0,1816.5588235294117,NO
1163.0,1816.5588235294117,NO
1164.003428642888,1816.562848006358,NO
1165.00419897819,1816.5717042285946,NO
1166.0032895213653,1816.5805860015087,NO
1167.0147059477533,1816.6052613943548,NO
1168.020343308176,1816.6541637622986,NO
1169.0042933018196,1816.6872022969183,NO
1169.9925323968664,1816.6826268768746,NO
1170.9947152152677,1816.6630949951298,NO
1171.9972634087749,1816.651084598497,NO
1172.99930605568,1816.6460883784343,NO
1174.0,1816.6450980392158,NO
1175.0080576501168,1816.6575498808834,NO
1176.0069117001372,1816.6795484416768,NO
1176.9930884522018,1816.6795555046606,NO
1177.9933201653882,1816.6593284436824,NO
1179.0,1816.6490196078432,NO
1180.002721408885,1816.653020346957,NO
1181.002660144811,1816.6608315168467,NO
1182.0,1816.664705882353,NO
1183.0117272272162,1816.6852165261946,NO
1184.0142469333061,1816.7308912568722,NO
1185.0087782138207,1816.7761555492418,NO
1186.0125158874268,1816.8363307122875,NO
1187.0072041423127,1816.9145555231007,NO
1188.0008402665774,1816.987014062498,NO
1188.9974583465607,1817.0462944013354,NO
1189.9958968894632,1817.0951175617352,NO
1190.997511217355,1817.1269279115916,NO
1192.0043800227934,1817.1175690352734,NO
1193.0034976441793,1817.0775564566059,NO
1193.9992820886916,1817.0610224628642,NO
1194.9961983299645,1817.0881296228952,NO
1195.9928429454076,1817.1351888104252,NO
1196.9879767072455,1817.1916212268459,NO
1197.985718208828,1817.251162541577,NO
1198.9691284681292,1817.321315925016,NO
1199.958277605541,1817.41558777006,NO
1201.0189849173787,1817.5097996784466,NO
1202.0190617789806,1817.5581133087462,NO
1203.022882397556,1817.6109992429997,NO
1204.0233928434932,1817.6775581193479,NO
1205.0178336657566,1817.74735639958,NO
1206.0117529929275,1817.8126866766138,NO
1207.0092849816212,1817.8845038822242,NO
1208.0029137145343,1817.9683830988556,NO
1208.996499700176,1818.0482473735383,NO
1209.995891466929,1818.1047675925295,NO
1210.9979127722206,1818.1330607623288,NO
1212.0,1818.1411764705883,NO
1213.0010765357426,1818.1372583151833,NO
1213.998643772138,1818.1383352406533,NO
1214.9887106974913,1818.1744710319026,NO
1215.9721548813252,1818.2535894790078,NO
1216.9623007743521,1818.35604824964,NO
1217.9728391676413,1818.4468394843882,NO
1218.9927655314084,1818.4914615694947,NO
1220.0124053859397,1818.5142814272308,NO
1221.0251035432816,1818.5593895158609,NO
1222.0248913165074,1818.6214290670948,NO
1223.0186976760824,1818.6821395077855,NO
1224.0139203777394,1818.7370595287553,NO
1225.0128583648568,1818.795069811625,NO
1226.0089963575701,1818.856620552297,NO
1227.0043562086253,1818.911133346698,NO
1228.0014693169012,1818.9500432236816,NO
1229.000608280797,1818.9806110488457,NO
1229.9989929727144,1819.0205433560118,NO
1230.9973175522834,1819.0651451631338,NO
1231.9965848747793,1819.1024537634983,NO
1232.9957709939692,1819.1347995724464,NO
1233.9951402900053,1819.1652301453605,NO
1234.9913291104567,1819.201006983369,NO
1235.9819852558096,1819.2552088782543,NO
1236.9680854356593,1819.3321719766122,NO
1237.9653528953954,1819.4207148649923,NO
1238.9835805293565,1819.489686538929,NO
1240.0208430036355,1819.5378290574674,NO
1241.0225918177684,1819.5885061816234,NO
1242.0170273754961,1819.6381682791412,NO
1243.0159475252983,1819.687183169459,NO
1244.0133617691151,1819.7379037695907,NO
1245.0128446697208,1819.7952880778525,NO
1246.0099721709323,1819.8625457588955,NO
1247.0049116407833,1819.9357708549871,NO
1247.9990005763348,1820.0124318558774,NO
1248.9934054152204,1820.0885062664859,NO
1249.985621054365,1820.1666650566642,NO
1250.975054487866,1820.254444221863,NO
1251.9680152848698,1820.3470681717538,NO
1252.972234174033,1820.4291082025954,NO
1253.987769782908,1820.4798008228659,NO
1254.9970768086173,1820.4969425508116,NO
1256.0,1820.5000000004902,NO
1257.0,1820.5000000004902,NO
1258.0058079811097,1820.5063215923506,NO
1259.021665216856,1820.5396141525414,NO
1260.0314832486617,1820.608379085307,NO
1261.0277131740997,1820.692745243676,NO
1262.0174331217763,1820.772028420645,NO
1263.0107880735688,1820.8428023532128,NO
1264.0063539544717,1820.9124184697757,NO
1265.0012263446356,1820.982626784178,NO
1265.996329232894,1821.0520025344572,NO
1266.9917354818217,1821.1204258388818,NO
1267.988771916052,1821.1847200842656,NO
1268.984586552131,1821.2456518235788,NO
1269.9813580087905,1821.306690812342,NO
1270.9829828275288,1821.3616149065829,NO
1271.9824410895164,1821.4070474672626,NO
1272.9878194115527,1821.443721431095,NO
1273.9908250619342,1821.46792182915,NO
1274.9923791766237,1821.4858274587857,NO
1275.9980547882324,1821.4960290153042,NO
1276.9985280004005,1821.4999892054727,NO
1278.0104839851256,1821.5139243161168,NO
1279.0259550925052,1821.5587634290562,NO
1280.027780897779,1821.6271511210716,NO
1281.02380385028,1821.7039033131537,NO
1282.0178108603816,1821.7837252547836,NO
1283.0115346633443,1821.866302761784,NO
1284.0043290568863,1821.9498222936807,NO
1284.9985930169498,1822.022423792193,NO
1285.997804260036,1822.0699892140615,NO
1286.9983246357153,1822.0949373049864,NO
1287.9975277485546,1822.1146225693412,NO
1288.99400426954,1822.1456106065016,NO
1289.9877258158226,1822.1956198088671,NO
1290.989258687903,1822.2490031422117,NO
1291.9904016719127,1822.2879498619398,NO
1292.9912509795276,1822.3187143134733,NO
1293.9883739152883,1822.3487825647503,NO
1294.9745021257174,1822.3940580415822,NO
1295.9760137156118,1822.453074265551,NO
1296.9892147502035,1822.497101960657,NO
1298.018263171776,1822.5342891231844,NO
1299.0250949788128,1822.5871471372689,NO
1300.025606586193,1822.6563326703417,NO
1301.0239169644851,1822.7404755020025,NO
1302.0163987892097,1822.8327323513129,NO
1303.0066598831993,1822.9191299852305,NO
1304.0003938720558,1822.9945709530148,NO
1304.9976134895478,1823.052918274369,NO
1305.998858034782,1823.0832003227804,NO
1306.9969143477622,1823.104912179608,NO
1307.9902533314132,1823.1506303267752,NO
1308.9818325130998,1823.2206052103252,NO
1309.9790901890688,1823.2962223241072,NO
1310.9889853517168,1823.351091927606,NO
1312.0090371014605,1823.3545324407946,NO
1313.0203780843738,1823.3056712793027,NO
1314.0086409520313,1823.2592285783344,NO
1315.001876305159,1823.2392289216953,NO
1315.9981200464053,1823.2392240997556,NO
1316.9861580222857,1823.268321413844,NO
1317.9488957648093,1823.3555549909677,NO
1319.050491740814,1823.5502065915832,NO
1320.0224482989556,1823.65307175707,NO
1321.0173448370615,1823.7146494648273,NO
1322.015124578191,1823.779613284515,NO
1323.0123438677485,1823.8569233468174,NO
1324.005139316272,1823.940430650518,NO
1324.998817410272,1824.016753354624,NO
1325.9962593566054,1824.0763091229753,NO
1326.9968372129836,1824.1152158113955,NO
1327.9957755591051,1824.14363099524,NO
1328.9973895191206,1824.1664181452904,NO
1329.9996559083218,1824.1754867650773,NO
1330.9947838013277,1824.1900186636904,NO
1331.9888778126567,1824.2268926150314,NO
1332.9865131683837,1824.2751313567649,NO
1333.984131735885,1824.3237125782857,NO
1334.9843931642233,1824.3698457082578,NO
1335.9932095291836,1824.403833277876,NO
1336.969151216683,1824.4535231389166,NO
1338.035237622586,1824.5621725242343,NO
1339.0173072280074,1824.6322214134157,NO
1340.0145234682918,1824.6779578823323,NO
1341.014908301054,1824.72845594856,NO
1342.0122871728283,1824.7839152302931,NO
1343.0095937154356,1824.8421679128987,NO
1344.0055491624987,1824.8989259700654,NO
1345.0023774853448,1824.9494784376006,NO
1345.9998843869937,1825.0019654210985,NO
1346.9972848600212,1825.0553888539162,NO
1347.993597089334,1825.108849480918,NO
1348.9862693319678,1825.1750660170844,NO
1349.9819193923765,1825.249219173684,NO
1350.9733244933896,1825.3239168839732,NO
1351.9667330839427,1825.4039554317017,NO
1352.980569457118,1825.4718846440132,NO
1353.9980472907746,1825.4979408670858,NO
1355.0077095418817,1825.5085167368593,NO
1356.0223240685498,1825.5445890151716,NO
1357.0284033403098,1825.6084945180373,NO
1358.0248468327175,1825.6832028834447,NO
1359.0176885291455,1825.756185151013,NO
1360.0111968245794,1825.8215506095985,NO
1361.0052663243973,1825.8721035419044,NO
1362.0031634265179,1825.9103695763142,NO
1363.0024705184474,1825.9565529502038,NO
1363.999518932817,1826.0094363174635,NO
1364.9982831500895,1826.051505500769,NO
1365.9984666300688,1826.0782018644454,NO
1366.9992774467598,1826.092125543489,NO
1367.9981491911612,1826.1048791625817,NO
1368.9962299969134,1826.1281801092439,NO
1369.9943445166723,1826.1602387044366,NO
1370.9896841994216,1826.2023483882947,NO
1371.9871321045662,1826.252408708563,NO
1372.9949067335126,1826.2886184206643,NO
1374.0034359151819,1826.292052798348,NO
1374.997711905763,1826.290587967568,NO
1375.9846010303258,1826.3201702343754,NO
1376.947893322948,1826.407109909687,NO
1378.0417554554144,1826.5824454396022,NO
1379.0232645104084,1826.6793270347534,NO
1380.016498231984,1826.7450273339186,NO
1381.0061913020254,1826.7894957240792,NO
1382.0015065350563,1826.8079167691333,NO
1383.0050793720125,1826.8273013457806,NO
1384.0067098459795,1826.868383795389,NO
1385.0050627895919,1826.9302156064182,NO
1385.99951776355,1827.0058557286452,NO
1386.993405049284,1827.0840856214695,NO
1387.9910330191512,1827.1524386738604,NO
1388.9937564177178,1827.1990141929393,NO
1389.9932444162787,1827.2296898542304,NO
1390.9913062650398,1827.2608120663035,NO
1391.9889848225873,1827.2956705576362,NO
1392.9882864207057,1827.3318847677067,NO
1393.9820853922897,1827.3725507257075,NO
1394.9745926197152,1827.4276909118378,NO
1396.0346940966956,1827.5177031931896,NO
1397.0287051339008,1827.6016671046784,NO
1398.019603789184,1827.6667355851173,NO
1399.015717308138,1827.723592159336,NO
1400.011395295642,1827.7764769016428,NO
1401.0085327835004,1827.8259312217835,NO
1402.0059445152854,1827.8736790531304,NO
1403.0043098440117,1827.926732652075,NO
1404.000607785549,1827.9916224158274,NO
1404.9950833048608,1828.0642952404326,NO
1405.9910129190996,1828.1348062195473,NO
1406.9896809330837,1828.1949157105175,NO
1407.9863666808424,1828.2483211671934,NO
1408.9871537177848,1828.2978001764006,NO
1409.990824692921,1828.3342433253888,NO
1410.988595531545,1828.3635174460626,NO
1411.9843929864505,1828.397978842544,NO
1412.985517536238,1828.4344739420112,NO
1413.9936706068697,1828.4602373017653,NO
1414.9918506890522,1828.4817681099778,NO
1416.0291206414913,1828.5382298159595,NO
1417.0261955609947,1828.6093779612825,NO
1418.0169464637163,1828.6675886089247,NO
1419.0128624497988,1828.714789161349,NO
1420.0112615164498,1828.7606927810182,NO
1421.0090703310698,1828.8072554692621,NO
1422.0058947984862,1828.8496826397206,NO
1423.0036171553095,1828.8847031700493,NO
1424.0028888891322,1828.9181481360642,NO
1425.0019171563224,1828.9592604290967,NO
1425.9997173462198,1829.006006392689,NO
1426.996206946922,1829.0604517829784,NO
1427.9892293914088,1829.1307859687274,NO
1428.980736560854,1829.21357291227,NO
1429.9773472726772,1829.2962279556566,NO
1430.985216901946,1829.3590181193133,NO
1431.985136599289,1829.3989649745943,NO
1432.9863945809716,1829.4336727482992,NO
1434.0039597521393,1829.4474520150736,NO
1435.0116989419034,1829.434594028479,NO
1435.9713311129558,1829.4644359805186,NO
1437.0398514044064,1829.5802884123632,NO
1438.0198503555905,1829.6625439562215,NO
1439.012434120025,1829.711754492475,NO
1440.012266608875,1829.7593857581023,NO
1441.0120973347912,1829.8185399700035,NO
1442.007250185433,1829.880722759976,NO
1443.0032699815545,1829.9358580565547,NO
1444.0006035401364,1829.9893860179886,NO
1444.9975601808162,1830.0444395631373,NO
1445.9961960463836,1830.092381736788,NO
1446.9953835931426,1830.130798202581,NO
1447.9923109419822,1830.1704965010545,NO
1448.9902949444036,1830.2151990553198,NO
1449.9849337280277,1830.2649585836339,NO
1450.976990720078,1830.3259648017365,NO
1451.9786123104684,1830.3895614829135,NO
1452.9880925589232,1830.433771062716,NO
1454.003514045318,1830.4462837545543,NO
1455.0226960176797,1830.4194560305077,NO
1455.9711798167168,1830.4405371065955,NO
1457.0421509850198,1830.5673977836186,NO
1458.0200484801699,1830.659175838384,NO
1459.0175859018927,1830.7197246906762,NO
1460.014731730908,1830.7853376307612,NO
1461.0116173017057,1830.8622134011061,NO
1462.0045920477587,1830.9596216499258,NO
1462.9912186786244,1831.0710868870217,NO
1463.9853952474527,1831.1732191546837,NO
1464.996412513583,1831.2287022442738,NO
1466.0099376104895,1831.2111742179816,NO
1467.0116045371622,1831.1479578485412,NO
1468.004621695933,1831.0841808891334,NO
1469.0010044097696,1831.0465680902666,NO
1469.9971868689486,1831.0597790334507,NO
1470.9864284275031,1831.1305943756747,NO
1471.9837164569271,1831.2185422813902,NO
1472.977588827685,1831.293069159583,NO
1473.965589651937,1831.3748137921098,NO
1474.9618995073415,1831.475050477452,NO
1476.0302003031354,1831.5825738892463,NO
1477.023026077467,1831.6546088225195,NO
1478.0200654650137,1831.7234219825777,NO
1479.0125778254726,1831.7861769677645,NO
1480.0047287074906,1831.827739943436,NO
1481.003452845373,1831.8532540762938,NO
1482.0035366069797,1831.8797553586617,NO
1483.0022102526007,1831.9060642674458,NO
1484.001874672097,1831.9317083744036,NO
1485.0014211766486,1831.9684869530959,NO
1485.9972228085203,1832.0329387820148,NO
1486.9846252418101,1832.1285430591379,NO
1487.978075282122,1832.2329501254917,NO
1488.974222942438,1832.3206414614017,NO
1489.9720073712372,1832.3965622442624,NO
1490.987614555107,1832.4511840586708,NO
1492.0009130849346,1832.4656733409608,NO
1493.003171006775,1832.461607971107,NO
1493.999082988411,1832.4630908803817,NO
1495.0286625035674,1832.5067032248799,NO
1496.0289778096255,1832.583547487431,NO
1497.0161107662623,1832.6427612757443,NO
1498.0146459941718,1832.6887726311054,NO
1499.0133848853463,1832.7374503358444,NO
1500.0081834662542,1832.7803385329066,NO
1501.0058221062372,1832.8144203565093,NO
1502.0058740517982,1832.8502116802622,NO
1503.006389506092,1832.9041574043233,NO
1504.0017727575914,1832.9794521273025,NO
1504.993952991479,1833.0656164728493,NO
1505.987936298434,1833.1500606844168,NO
1506.9850943755575,1833.2235843766528,NO
1507.9831579089748,1833.2863155463585,NO
1508.9942164489828,1833.327734542174,NO
1510.0038959387741,1833.3311548047413,NO
1511.0055812374444,1833.3162701069223,NO
1512.0069510202163,1833.2954183498375,NO
1513.0079320083523,1833.269159483654,NO
1513.9968876508806,1833.2614373386955,NO
1514.947540203303,1833.3338350616489,NO
1516.0545267419154,1833.543397810525,NO
1517.0247370406757,1833.6590299969462,NO
1518.0244343499296,1833.745683311647,NO
1519.017999709791,1833.8542880642226,NO
1520.0037293559851,1833.9688201387605,NO
1520.991608035269,1834.0778163988543,NO
1521.9809042231084,1834.1803490077305,NO
1522.9848938445969,1834.2656599819209,NO
1523.9768450806748,1834.3280280266308,NO
1524.9606478070734,1834.4050493317816,NO
1526.035316400926,1834.5217968668135,NO
1527.0505389251757,1834.6608571997285,NO
1528.0330840163997,1834.8205016129189,NO
1529.00341584481,1834.9808562550627,NO
1529.9782948018692,1835.1349957532682,NO
1530.9667247191826,1835.2737160188974,NO
1531.9733122326743,1835.3780767070753,NO
1532.9792402751582,1835.4411441426046,NO
1533.9832353358138,1835.4861752378383,NO
1535.0341917989224,1835.5589690495847,NO
1536.046906697891,1835.6893192641012,NO
1537.0276644509188,1835.846642728333,NO
1537.9977556633557,1836.011679710475,NO
1538.971445236794,1836.1733682048052,NO
1539.9595032209102,1836.3177439648878,NO
1540.9662687960554,1836.4300728494895,NO
1541.9893932359446,1836.4908039095217,NO
1543.0310394776386,1836.547710459043,NO
1544.0447963145107,1836.6590131386013,NO
1545.0270334736338,1836.7739824355563,NO
1546.0115397590912,1836.8720591926858,NO
1547.0034705682774,1836.9638777608764,NO
1547.9901280244442,1837.074039814999,NO
1548.9605371541552,1837.2118531761487,NO
1549.9476701471829,1837.3706698079875,NO
1550.9778063492192,1837.4956582100133,NO
1552.0422726737656,1837.6007580727935,NO
1553.0415344033208,1837.7384870963404,NO
1554.0183727972158,1837.876708856096,NO
1555.0003578518447,1837.9967409920605,NO
1555.991978064936,1838.0929815228426,NO
1556.9863217449176,1838.1743977519745,NO
1557.9819281782213,1838.2490980715047,NO
1558.9787165674531,1838.318625494747,NO
1559.9800210822896,1838.3882178106753,NO
1561.068231978007,1838.5477194530574,NO
1562.042755407286,1838.71620740471,NO
1563.0184075447871,1838.8435358640272,NO
1564.0047774974676,1838.964168769801,NO
1564.9842110113966,1839.099412148132,NO
1565.9525419851643,1839.2495215194276,NO
1566.9541411527848,1839.4103160004279,NO
1568.026195250921,1839.5256788684785,NO
1569.0502352011295,1839.6490417592847,NO
1570.0354657927066,1839.8075792095349,NO
1571.006464798197,1839.9602765420811,NO
1571.9860601696614,1840.1001311704517,NO
1572.9795651890302,1840.217119864726,NO
1573.9773933533381,1840.3034049846492,NO
1574.9623701392472,1840.3838245768047,NO
1575.9732165488772,1840.4691721893964,NO
1577.0401331169357,1840.5695195157593,NO
1578.049096263617,1840.718661868684,NO
1579.0216616004143,1840.8715416740836,NO
1579.9967764983626,1841.0202961209447,NO
1580.9744764223847,1841.1647724659792,NO
1581.95765558087,1841.304164121557,NO
1582.9641286033404,1841.4254514403192,NO
1583.9899053109523,1841.4898327577328,NO
1585.028728353674,1841.542141866739,NO
1586.049680999729,1841.6666143312357,NO
1587.0300749061716,1841.8058455390262,NO
1588.0081525377755,1841.924403741967,NO
1588.997965923015,1842.0220718983282,NO
1589.9852022499006,1842.1237188931784,NO
1590.9596774266954,1842.2477652039645,NO
1591.952712181636,1842.388980440347,NO
1592.9814627515739,1842.4927005561708,NO
1594.0479315574448,1842.6057242865838,NO
1595.0458741457976,1842.7813475404519,NO
1596.009620798018,1842.949416423172,NO
1596.9889146878186,1843.0926804780734,NO
1597.991847188277,1843.1807797352137,NO
1598.996651079804,1843.2134936486802,NO
1599.9820603550274,1843.2541449726598,NO
1600.9559275041431,1843.3398924140736,NO
1601.9518722554117,1843.471270685291,NO
1603.0477640307602,1843.6431745940477,NO
1604.0354302741353,1843.7946654544585,NO
1605.009117625624,1843.9432928125464,NO
1605.9890923636935,1844.080621658918,NO
1606.9780554654735,1844.1998520150917,NO
1607.9805153747297,1844.2922693921478,NO
1608.9848911097906,1844.3502515431535,NO
1609.9755728735527,1844.4040487047937,NO
1611.0592492538083,1844.5479328533345,NO
1612.0504321012836,1844.7352314732816,NO
1613.0180076787021,1844.9125341312583,NO
1613.984297943364,1845.0834171732695,NO
1614.9665149937018,1845.2405260890403,NO
1615.9635260909477,1845.364739068676,NO
1616.9743227416886,1845.4515655900993,NO
1617.9912076555904,1845.4962790152872,NO
1619.040290612439,1845.5719122464393,NO
1620.0494633640615,1845.7258009355696,NO
1621.0206327272374,1845.890388639979,NO
1621.990580612455,1846.0527899722213,NO
1622.9674298813443,1846.2076345013406,NO
1623.956419568203,1846.3472815658004,NO
1624.9724006249285,1846.454054219085,NO
1625.9961116045233,1846.495770452149,NO
1627.0221556689187,1846.5291920464513,NO
1628.0495361541284,1846.6441769395983,NO
1629.0363572563379,1846.8027425451467,NO
1630.0069385128777,1846.9593259574665,NO
1630.9829071183394,1847.1089671179152,NO
1631.9669975290108,1847.2475185268381,NO
1632.967142350141,1847.364291335391,NO
1633.9747494624999,1847.4440611894108,NO
1634.9863693937236,1847.493622662331,NO
1636.046498206955,1847.5911364652832,NO
1637.0467452100868,1847.75166607918,NO
1638.0156535099866,1847.910300114026,NO
1638.9892741859942,1848.064354884035,NO
1639.9689908243536,1848.2108623918543,NO
1640.958280144159,1848.3431794584221,NO
1641.9710381686987,1848.4475919206743,NO
1642.9936913146275,1848.4945038502915,NO
1644.031905482032,1848.5480056672752,NO
1645.0506887354866,1848.6808487099822,NO
1646.02701025705,1848.8163302542732,NO
1647.0067139120852,1848.9221796530496,NO
1648.0002406334381,1848.996164904607,NO
1648.9937975356759,1849.070294594272,NO
1649.9855118932192,1849.1572113652437,NO
1650.976167619689,1849.248051290652,NO
1651.9581887888792,1849.3481982781498,NO
1653.0581597321147,1849.5244586351175,NO
1654.0526422163389,1849.709895611178,NO
1655.023441397884,1849.8903200679822,NO
1655.9863256544527,1850.0677079257143,NO
1656.9625589931863,1850.2357396669977,NO
1657.9571875438673,1850.3764543471798,NO
1658.978772858003,1850.4706887930192,NO
1660.0034190362253,1850.5022860286274,NO
1661.0362127047424,1850.560274275136,NO
1662.047608972371,1850.6926509324596,NO
1663.025545536606,1850.8329714966515,NO
1664.0046109353113,1850.966406042082,NO
1664.9877317007904,1851.09338555834,NO
1665.9674173538665,1851.2215619910378,NO
1666.9526931373305,1851.3548014620214,NO
1667.974435702355,1851.4656354154324,NO
1669.0212809641466,1851.5281177593376,NO
1670.052446833979,1851.6526248551106,NO
1671.0357981987909,1851.8261230329329,NO
1672.0007499529358,1851.9960569485108,NO
1672.9752937899195,1852.1555576153737,NO
1673.9629377549359,1852.2953397652855,NO
1674.9657001344322,1852.4068123509965,NO
1675.987975217937,1852.4717414486731,NO
1676.997100157603,1852.491039991727,NO
1678.0381582439975,1852.5527498824426,NO
1679.0460146215016,1852.6772585499673,NO
1680.0245814081532,1852.7985910443379,NO
1681.010370739653,1852.916046393646,NO
1681.994105287794,1853.0411822343467,NO
1682.9797319938993,1853.1667206949,NO
1683.9705150369175,1853.2784691015745,NO
1684.9612793912017,1853.3797598180447,NO
1685.972529685027,1853.4755206057378,NO
1687.0427301389084,1853.5893837142692,NO
1688.0410698331941,1853.7218203278212,NO
1689.0204068498242,1853.8554514737043,NO
1690.0017311497297,1853.9879056667457,NO
1690.984387544596,1854.1170934128893,NO
1691.9767028354124,1854.2329716319207,NO
1692.9591533424045,1854.3359966986804,NO
1693.9613907232722,1854.4457616770715,NO
1695.044103823565,1854.5764368738319,NO
1696.0478384763449,1854.728915300712,NO
1697.0198690649777,1854.8821718259157,NO
1697.9951766373115,1855.0303693199187,NO
1698.9787865408862,1855.1664440668928,NO
1699.9682897886128,1855.2837229433192,NO
1700.9611488801054,1855.388511175674,NO
1701.978238397833,1855.4718100413806,NO
1703.0300314416872,1855.5432531303577,NO
1704.052634792742,1855.6841912435477,NO
1705.0292064383245,1855.8525219376852,NO
1705.9980497870602,1856.0117012776393,NO
1706.9787502202926,1856.154819826577,NO
1707.9671340776085,1856.2793603497582,NO
1708.962788199279,1856.3873064744641,NO
1709.9779843359197,1856.467832850801,NO
1711.0143081680285,1856.5144761644756,NO
1712.0471242600117,1856.6123649590004,NO
1713.0433310257015,1856.7745018172427,NO
1714.0117855244794,1856.926699781999,NO
1714.9914946385925,1857.0637902091175,NO
1715.9742897396188,1857.1900323575999,NO
1716.9711569189908,1857.3064577331436,NO
1717.9723050537968,1857.3923450746317,NO
1718.9757173891883,1857.457772182991,NO
1720.0297438624527,1857.5315341427636,NO
1721.0472206539475,1857.6463697530235,NO
1722.030793348962,1857.773289561001,NO
1723.01250210205,1857.8881390871868,NO
1724.0002036723197,1857.998268785225,NO
1724.987054054759,1858.1100405382633,NO
1725.9773549246631,1858.2179054399487,NO
1726.9572885207767,1858.3251172201367,NO
1727.9532250039279,1858.4515586035693,NO
1729.046543812501,1858.6116262205173,NO
1730.0423631344277,1858.7725768532916,NO
1731.0113023930699,1858.9440366935507,NO
1731.9804191864407,1859.1109579435026,NO
1732.9657113356504,1859.2610032580994,NO
1733.9643586596621,1859.378689237902,NO
1734.9775089237346,1859.458817942122,NO
1735.9941455748883,1859.4956746452958,NO
1737.0361721686224,1859.557653599664,NO
1738.0477508087338,1859.6890075738124,NO
1739.025265252961,1859.8248619510764,NO
1740.0061864331633,1859.9542741900807,NO
1740.9910631512098,1860.0747179154523,NO
1741.9822156501702,1860.1814003669067,NO
1742.9734607620085,1860.276224705665,NO
1743.962201443738,1860.3707166104539,NO
1744.9698770982354,1860.462797280343,NO
1746.0117867717097,1860.5205141313907,NO
1747.0071887942663,1860.5417143951854,NO
1748.015208256716,1860.5690993657372,NO
1749.0257813583494,1860.624328770323,NO
1750.0151436984522,1860.678196415389,NO
1751.0028905183858,1860.7051671273894,NO
1752.0159929008878,1860.745113144004,NO
1753.0125302147737,1860.8063512338472,NO
1754.0,1860.8372549019607,NO
1755.0021362990044,1860.8443553587083,NO
1756.0048461294184,1860.869919681375,NO
1756.9995537116774,1860.8861964743814,NO
1757.992847096677,1860.8596930555188,NO
1758.9979733859632,1860.827737802222,NO
1760.002673771621,1860.829547070203,NO
1761.0,1860.8372549019607,NO
1762.0018434908015,1860.843303277644,NO
1763.0039975047775,1860.8640848330022,NO
1764.00157514904,1860.8852391417063,NO
1764.999123526304,1860.8882495972568,NO
1766.0020703667067,1860.8944113007153,NO
1767.0022573213557,1860.917769008715,NO
1768.0006248057316,1860.9362698159753,NO
1769.0007114652135,1860.9481646774543,NO
1770.00095118874,1860.9730496506581,NO
1770.998833199914,1861.0198356013852,NO
1771.994329092146,1861.0826332304914,NO
1772.9821257225917,1861.1657432966692,NO
1773.977523619699,1861.2605216885531,NO
1774.9949976116984,1861.3189022335896,NO
1775.9933948906169,1861.336860569749,NO
1776.9856875789603,1861.3649667337886,NO
1777.9946100741015,1861.3926946000256,NO
1779.0105784934872,1861.385359401094,NO
1780.0050159226105,1861.3654457891148,NO
1781.0054962265815,1861.350384421891,NO
1782.0187864893471,1861.3090680396842,NO
1783.0097848798841,1861.262646781197,NO
1784.0067506125265,1861.2295208335995,NO
1785.009332446767,1861.1903819083695,NO
1785.998660268315,1861.1708157997666,NO
1786.976451333596,1861.2224040762205,NO
1787.9577604259523,1861.326396729059,NO
1788.9692549738486,1861.435554540939,NO
1789.9904106649108,1861.4890560767901,NO
1791.0,1861.5000000004902,NO
1792.0,1861.5000000004902,NO
1793.0,1861.5000000004902,NO
1794.0,1861.5000000004902,NO
1795.0,1861.5000000004902,NO
1796.0,1861.5000000004902,NO
1797.0048505390257,1861.50524502398,NO
1798.0218012529842,1861.5367233848824,NO
1799.0157620764048,1861.5769126773416,NO
1800.0,1861.5941176470587,NO
1801.0225074027155,1861.6297169360832,NO
1802.0210888113136,1861.6927058857314,NO
1803.0021371939492,1861.7275077556023,NO
1804.0060227551078,1861.7440329160288,NO
1805.0135827483489,1861.7900848065092,NO
1806.0060217622774,1861.838363219783,NO
1806.9994309382892,1861.8548892595045,NO
1808.005162021733,1861.8746366067749,NO
1809.0036366802785,1861.9156951396237,NO
1809.9998750018558,1861.9362509431662,NO
1811.0,1861.9352941176471,NO
1812.0007944830522,1861.9421162349327,NO
1812.9989422673557,1861.940061819653,NO
1813.997564844159,1861.9172046986266,NO
1815.0026837350845,1861.9194879420643,NO
1816.0018960526209,1861.9579570947546,NO
1817.0001924295818,1861.9901860915807,NO
1817.9992181851574,1862.019936278339,NO
1818.9952203923744,1862.071694117596,NO
1819.9936898572275,1862.128726908717,NO
1820.9981104587246,1862.1606110127595,NO
1821.9935143650052,1862.183759669832,NO
1822.993654432042,1862.2157493178104,NO
1824.0043349118573,1862.221080498959,NO
1825.0054237307288,1862.1975787599517,NO
1826.0030919629871,1862.1752112276743,NO
1827.005489054671,1862.1473377862792,NO
1828.0029860129425,1862.1171435843012,NO
1828.9918044824767,1862.1348294770937,NO
1829.9716866284982,1862.2187851571696,NO
1830.971796424979,1862.3269050838853,NO
1831.9900182195859,1862.391592922704,NO
1832.9825321773003,1862.4242185792973,NO
1833.9901454890385,1862.4568909720474,NO
1834.9990792482058,1862.4695834395325,NO
1835.991546642173,1862.479023587586,NO
1836.9941900335843,1862.4938471586688,NO
1838.0,1862.5000000004902,NO
1839.0,1862.5000000004902,NO
1840.0,1862.5000000004902,NO
1841.0,1862.5000000004902,NO
1842.0,1862.5000000004902,NO
1843.0,1862.5000000004902,NO
1844.0,1862.5000000004902,NO
1845.0,1862.5000000004902,NO
1846.0,1862.5000000004902,NO
1847.0,1862.5000000004902,NO
1848.0,1862.5000000004902,NO
1849.0,1862.5000000004902,NO
1850.0151338157038,1862.5176096057844,NO
1851.0216220027944,1862.5589111561562,NO
1852.0072412576772,1862.5896620843212,NO
1853.0076714144234,1862.6087578746144,NO
1854.0223500003626,1862.6545909170848,NO
1855.0116604113252,1862.7026595134237,NO
1855.9960837264643,1862.7146715003726,NO
1857.0081283745926,1862.7236352545806,NO
1858.009507217366,1862.7575659589763,NO
1858.9986674195802,1862.7734613214566,NO
1859.9990927739577,1862.76865735242,NO
1861.0052043019998,1862.7788171720179,NO
1862.0016151501513,1862.7940683437255,NO
1862.9958509934154,1862.7884006696981,NO
1864.0012858117495,1862.7814119956502,NO
1865.0004210180607,1862.7852807778895,NO
1865.9956202894737,1862.7766347689794,NO
1866.9967058092252,1862.7599946728328,NO
1867.9970255990606,1862.747175913319,NO
1868.9941924626858,1862.730741446317,NO
1869.992543735158,1862.7074849955866,NO
1870.991248608864,1862.6811993266367,NO
1871.988376032094,1862.651280939427,NO
1872.9880461027622,1862.6189695108114,NO
1873.9811549470783,1862.5821314421237,NO
1874.9838137656473,1862.5413899976134,NO
1875.9933454473653,1862.5151683094598,NO
1876.9961101948957,1862.5040498203348,NO
1878.0019530059228,1862.498016524938,NO
1879.0009707786096,1862.4950971167275,NO
1879.9980546965623,1862.4960523911652,NO
1881.054690108591,1862.0711055218053,NO
1881.5196530266605,1861.734396380025,NO
1881.825670210134,1860.9606903419708,NO
1883.9517732702966,1858.6805761959827,NO
1884.9757365405412,1858.5580584226525,NO
1886.0,1858.5235294108738,NO
1887.0,1858.5235294108738,NO
1888.010010274604,1858.5358872589277,NO
1889.0394797484269,1858.61279477404,NO
1890.0393218210581,1858.7461502646604,NO
1891.0171326426407,1858.8769345451929,NO
1892.001973603282,1858.972205087784,NO
1892.9996861846507,1859.0158162932457,NO
1893.9995897017823,1859.0346702011775,NO
1894.9964441236345,1859.0626088234417,NO
1895.953210692633,1859.1844278461167,NO
1896.9219112324106,1859.3872070095506,NO
1898.0467781372743,1859.6272367186841,NO
1899.023056663791,1859.71319758451,NO
1899.9877340514088,1859.728015927042,NO
1900.9736563337165,1859.6723104785922,NO
1901.9901673958518,1859.6142593769405,NO
1903.0,1859.6,NO
1903.9976300723056,1859.5971122791998,NO
1905.0218033205742,1859.6293435516218,NO
1906.0290341600885,1859.720614688467,NO
1907.0232798077307,1859.901878498155,NO
1907.9618230296537,1860.1133810006395,NO
1908.8938294386971,1860.4091227778022,NO
1910.0322255345652,1860.7319909611115,NO
1911.0184786258003,1860.9257944961275,NO
1911.9530595871338,1861.1370444220834,NO
1912.937659671635,1861.4070456759698,NO
1914.0214207439055,1861.5630168373668,NO
1915.0394304943509,1861.6591601338364,NO
1916.0337953761973,1861.8018891665802,NO
1917.008465477186,1861.9242562569357,NO
1918.000193298303,1861.992416758903,NO
1918.9999985080706,1861.9998731859941,NO
1919.9997408873646,1861.9853169513515,NO
1920.9997219483694,1861.9716387339295,NO
1922.0002300948602,1861.970662903617,NO
1923.0003226729589,1861.987341291651,NO
1923.9998458110033,1862.0087373760678,NO
1924.9998309685802,1862.0215515072673,NO
1925.99963113541,1862.031353490996,NO
1926.999763666264,1862.040176736383,NO
1927.9999135000373,1862.0441149833,NO
1928.9999096564334,1862.0460752213762,NO
1930.0001767603926,1862.0450739014466,NO
1931.0006484108942,1862.0330689547368,NO
1931.9999421057598,1861.998818957534,NO
1932.9983782128677,1861.956467818192,NO
1933.999613238499,1861.93425054277,NO
1934.986505877555,1861.8771070965622,NO
1935.9332342536445,1861.7361676275705,NO
1937.9417666018012,1860.898424953693,NO
1939.9925647999871,1859.9510435531624,NO
1940.9963211517752,1859.855675954713,NO
1942.009290513001,1859.8898101968252,NO
1942.997177577759,1860.01617343033,NO
1945.089272287759,1860.6056092930705,NO
1946.0355077741453,1860.8109350395164,NO
1947.0047840093528,1860.9731885199935,NO
1947.9717243168245,1861.1394567702232,NO
1948.9415332181368,1861.3155949026805,NO
1949.9810056529034,1861.476806842562,NO
1951.0185209132105,1861.536027392046,NO
1952.0145953592976,1861.582572720663,NO
1953.0030599418658,1861.6098573894014,NO
1954.0,1861.613725490196,NO
1954.9969400829284,1861.6098605506668,NO
1955.9968788436229,1861.602052538743,NO
1957.0031206755907,1861.6021138390295,NO
1958.0096876392158,1861.6199464627348,NO
1959.0213811968579,1861.6695633342974,NO
1960.0237098750658,1861.7532237638652,NO
1961.01700241471,1861.8578486651584,NO
1962.0039332114764,1861.9442795035998,NO
1962.9944895337223,1861.9361286844157,NO
1963.9746024846102,1861.831782685073,NO
1964.9575266241864,1861.695456867106,NO
1965.9658596042582,1861.5723915396572,NO
1966.995730766942,1861.5204228070168,NO
1967.998108624726,1861.5176992910071,NO
1969.0,1861.5156862736042,NO
1970.0037652285869,1861.5199333272335,NO
1971.0282604251045,1861.5641043667715,NO
1972.0459917088385,1861.684273129551,NO
1973.0267788201847,1861.8106886204741,NO
1973.9994992993502,1861.8723213305607,NO
1974.9873522149599,1861.8346058974444,NO
1975.995344871194,1861.7841712964253,NO
1977.000884205865,1861.7745274977844,NO
1977.999559774347,1861.7754849053294,NO
1978.9958673144538,1861.7658144967666,NO
1979.992436287026,1861.7428337502613,NO
1980.9939024212426,1861.7172940700539,NO
1982.0060927239617,1861.7175191560295,NO
1983.0136945400193,1861.7591649789895,NO
1984.0129334743265,1861.8217277952356,NO
1984.9963319157941,1861.8441064261845,NO
1985.8587418196432,1861.679991523864,NO
1986.8520494585239,1860.8846556322103,NO
1988.973134720103,1859.779011407887,NO
1989.9927937527261,1859.6937345005585,NO
1991.0060612275417,1859.6908774034353,NO
1992.011908214408,1859.7239459407801,NO
1993.015663389657,1859.784099234458,NO
1994.012110064677,1859.8657362394497,NO
1995.0034959460954,1859.9716994841115,NO
1995.9753052037117,1860.1173880658587,NO
1996.9128908008622,1860.3205480829693,NO
1998.0491191995836,1860.6716415142985,NO
1999.0067238881657,1860.7550583625482,NO
2000.0,1860.7686274509804,NO
2000.9932820976508,1860.7552764172867,NO
2001.9930926793836,1860.729020499751,NO
2002.9868778017915,1860.6958035892549,NO
2003.9850474248406,1860.6533721238893,NO
2005.0,1860.629411764706,NO
2006.0,1860.629411764706,NO
2007.009081277646,1860.6437344934766,NO
2008.0268110928653,1860.7151321407048,NO
2009.0254707221134,1860.8774521816952,NO
2009.9788464011078,1861.0744458235508,NO
2012.055015994146,1861.7877335641433,NO
2013.009382292318,1861.9263850896825,NO
2013.940866364984,1861.8400017851777,NO
2014.5239873546898,1861.509255810008,NO
2015.655947741512,1860.545851029663,NO
2016.9522254723518,1859.8534021589808,NO
2019.0121356239067,1859.0235604854784,NO
2019.6884775886883,1858.6526703906811,NO
2020.7033009875174,1857.6197764665412,NO
2023.0002423997794,1856.9690940263306,NO
2023.991610905434,1857.052820223805,NO
2024.9705446785651,1857.1914595936557,NO
2025.93945561357,1857.3492945480666,NO
2027.0528996560022,1857.587382691861,NO
2028.0084495673434,1857.6685169744947,NO
2029.0132982803675,1857.7051250923773,NO
2030.0112824742207,1857.7498234018522,NO
2031.0092483638193,1857.7949275882681,NO
2032.0098196266235,1857.8527055940494,NO
2033.0059988325474,1857.9521968031493,NO
2033.973149536361,1858.1104333558933,NO
2034.9309653673765,1858.3135059097065,NO
2036.0505062484488,1858.5866905339417,NO
2037.0260180646055,1858.6893136880553,NO
2037.9983786957648,1858.724378271275,NO
2039.0109129189204,1858.7470186996388,NO
2040.0224442249137,1858.8728160588225,NO
2040.9883304005873,1859.0500125691299,NO
2041.937429080997,1859.2461122869618,NO
2042.9396268751732,1859.489124621748,NO
2044.0284422312786,1859.6338512734974,NO
2045.015038294476,1859.6932188018461,NO
2046.006914509993,1859.7287384549709,NO
2047.0,1859.7411764705882,NO
2047.993643691188,1859.729856884043,NO
2049.00685362168,1859.73112715033,NO
2050.005771698895,1859.7547028047431,NO
2050.9825001650897,1859.7337903743714,NO
2052.1606336791942,1859.2615628019837,NO
2052.7323206361366,1858.8406341883301,NO
2052.835903554137,1858.0381541109891,NO
2052.6464906734464,1857.176102438171,NO
2051.8456802055357,1855.01270868825,NO
2051.7764131969207,1854.0088199924407,NO
2053.9912171772125,1852.0543035510486,NO
2054.972355809743,1852.184415853646,NO
2055.9497326877004,1852.3270639428606,NO
2056.954444148971,1852.4723422733496,NO
2058.0514754401074,1852.6513396831513,NO
2059.0347835960924,1852.8842820288708,NO
2059.9612141127413,1853.110832605415,NO
2062.048050367856,1853.8176965451,NO
2062.9838876206845,1854.046414636453,NO
2063.931443246302,1854.2966801100501,NO
2065.0437663381476,1854.571436551868,NO
2066.0503102911803,1854.777322268117,NO
2066.998190839245,1855.0052596760895,NO
2069.0655602878064,1855.67152267317,NO
2070.025999782929,1855.9097966665606,NO
2070.9679981614586,1856.1227138202605,NO
2071.9405732666823,1856.338117616014,NO
2073.0634557086355,1856.6313525434614,NO
2073.97177698015,1856.7049411506916,NO
2074.6538696009325,1855.9030166106122,NO
2074.7151922276485,1855.1905856581648,NO
2073.90348272061,1854.1107109997795,NO
2072.8097342699834,1853.2704543601697,NO
2072.8926673357073,1849.653022770265,NO
2074.9854631213343,1848.9366341184868,NO
2075.9662354201046,1848.757465706351,NO
2076.964689931851,1848.632487067464,NO
2078.09364145731,1848.3274082527787,NO
2079.032310302762,1848.1445309011729,NO
2079.993213316685,1848.0860212060509,NO
2080.975076152627,1848.1805198683778,NO
2081.945766605169,1848.315941045326,NO
2082.9492690735306,1848.483435881995,NO
2084.030724913922,1848.615748902716,NO
2085.0395889821843,1848.7617633270327,NO
2086.0018562421596,1848.9947984421372,NO
2088.0826803271334,1849.7175345077785,NO
2089.0113873566975,1849.9653412863142,NO
2089.9487275953884,1850.187494304976,NO
2090.942305358497,1850.424121645092,NO
2092.0812151938976,1850.2651194258176,NO
2092.941594940622,1849.9362112372137,NO
2093.667394491078,1848.8558068585453,NO
2095.9877491502825,1846.6095041501503,NO
2097.0,1846.592156862745,NO
2098.019337575313,1846.6206860370758,NO
2099.008759926944,1846.6563413286704,NO
2099.995604311257,1846.6595031781737,NO
2101.1056347850636,1846.4230171384363,NO
2102.024736971583,1846.0420995267932,NO
2102.7739097497356,1845.7162379323684,NO
2104.279247517311,1844.6044887601647,NO
2105.9881211772868,1844.2243777647793,NO
2106.9690556506134,1844.2922521947341,NO
2107.9616650001635,1844.3963918017314,NO
2109.0581508348737,1844.5844549888886,NO
2110.0455436432494,1844.8535374312587,NO
2112.09947274418,1845.6239445119095,NO
2113.015427649596,1845.952310275711,NO
2115.055605502758,1846.795515246291,NO
2115.996398607054,1847.0123244898589,NO
2116.9922243240308,1847.050656241942,NO
2117.8636481105505,1846.7046512035135,NO
2118.5661618756526,1846.3551107611593,NO
2116.9710938637754,1845.0711412120243,NO
2114.922614535142,1844.1866869750875,NO
2112.948414468531,1843.0675562843553,NO
2111.8696896654897,1842.1356291298512,NO
2111.871506228721,1838.923543294151,NO
2112.140092194335,1838.0599127123273,NO
2112.8270353043813,1836.9189103128342,NO
2114.984357398444,1835.7045286340906,NO
2115.998708749104,1835.6707310118113,NO
2117.031122357793,1835.743993509161,NO
2118.016778795635,1835.8524623175592,NO
2119.004324430137,1835.9434497629975,NO
2119.995812715161,1836.0374651800519,NO
2120.961279979622,1836.1752772268662,NO
2121.941596600387,1836.3866140573855,NO
2123.068462029476,1836.7646456231391,NO
2124.009099753127,1836.9602956951132,NO
2124.9962550610308,1837.08303994968,NO
2125.9990974912425,1837.1150698732492,NO
2127.0108014923903,1837.100916801176,NO
2127.897358530509,1836.8559805677025,NO
2128.1669667015403,1835.9926367487788,NO
2127.8905742481234,1835.0899599266945,NO
2127.8524690485647,1832.2273250866288,NO
2128.983371139929,1829.863214215912,NO
2130.0012279187295,1829.791253809378,NO
2130.994429014796,1829.7814459657554,NO
2131.982013341736,1829.737908688278,NO
2132.9939416240672,1829.691022835495,NO
2134.0,1829.6803921568628,NO
2134.9895043754864,1829.6654519556917,NO
2135.9885402938535,1829.6347218524604,NO
2137.0114621558337,1829.634643768668,NO
2139.102415698036,1830.396518176964,NO
2140.9623199468115,1829.7248214229728,NO
2141.732241325408,1829.4463014759217,NO
2141.758360287885,1828.8516016967928,NO
2141.810570814275,1828.1464919078142,NO
2140.931885488552,1827.1108993534617,NO
2138.907887515663,1826.2172845150533,NO
2136.890462777762,1825.3108118597522,NO
2134.798580226636,1824.457341363025,NO
2133.9810782718223,1824.0275375759697,NO
2132.7705882352943,1822.0,NO
2132.9121616227208,1820.9796766105521,NO
2133.1109017468257,1820.0330321470144,NO
2133.4003237454667,1819.1252777864051,NO
2135.977574641223,1816.7140766761281,NO
2136.9610235103946,1816.6259755887804,NO
2138.0419933928256,1816.4895814833822,NO
2139.000431648518,1816.4303535636034,NO
2139.97373072721,1816.4538243512438,NO
2140.983802108673,1816.504159350404,NO
2142.0211416063453,1816.5452305463743,NO
2143.0060893868695,1816.5667836219216,NO
2143.9756973511935,1816.546503406863,NO
2144.9895609257337,1816.5073751347427,NO
2146.0230036730213,1816.5245907457354,NO
2147.023515764079,1816.5800756410006,NO
2148.00229016508,1816.6129620965803,NO
2148.9860982818836,1816.5984389524206,NO
2149.976682167369,1816.55247697006,NO
2151.032361966192,1816.4647928879815,NO
2152.0596421349783,1816.2458419577688,NO
2152.9949573110375,1815.9882022330823,NO
2153.8636509008734,1815.6842825683595,NO
2155.9789168172024,1814.874971825009,NO
2157.0,1814.7686274509804,NO
2158.0162942329384,1814.8193465478546,NO
2159.006985547265,1814.8920415465225,NO
2160.0023045762705,1814.9440317154442,NO
2161.0005351009113,1814.9751907754253,NO
2161.9994644894846,1814.9751717846937,NO
2162.99736970391,1814.9416760441839,NO
2163.977665529623,1814.8531880836333,NO
2164.8690055135444,1814.6449249145157,NO
2165.959878171449,1813.9594336079222,NO
2166.773671425806,1811.9618697670371,NO
2166.9671520848287,1810.9907999923992,NO
2167.1165919079167,1810.0042924384459,NO
2166.906552875828,1809.0619655316498,NO
2165.955250466748,1808.0612287289177,NO
2164.843382711705,1807.3018642348877,NO
2164.00061166535,1806.9985396124382,NO
2161.9570088164696,1806.0691597266502,NO
2160.873473202702,1805.18623606715,NO
2161.098752355334,1801.3637378432697,NO
2162.028653473697,1801.1545408622235,NO
2163.0023602885967,1801.0179663753443,NO
2163.9997930583663,1800.9472298818944,NO
2165.001416160838,1800.9656075202336,NO
2165.9993942141227,1800.974254101023,NO
2166.999764090375,1800.9598953624252,NO
2168.000890097308,1800.9761079138823,NO
2168.9989432974357,1801.0207276264373,NO
2169.9809360763047,1801.120032109338,NO
2172.066865324611,1801.7668349519543,NO
2173.0041947821237,1801.977357196448,NO
2173.9897176596537,1802.124856996853,NO
2174.9951175725873,1802.1715584049828,NO
2176.0080111038083,1802.1054612399241,NO
2176.9898668671945,1801.964441917153,NO
2176.923093937608,1800.24332574749,NO
2175.984606523062,1800.0504885066532,NO
2173.8185087683296,1799.3565006489669,NO
2172.5712699557466,1795.7143968214295,NO
2174.051378142323,1794.0919398352821,NO
2175.9922094184567,1793.7162002471118,NO
2177.0118256962774,1793.7258588610723,NO
2178.0255470001675,1793.8613939350823,NO
2178.976782384146,1794.0688381979814,NO
2179.92940048435,1794.3208173413518,NO
2181.019224484221,1794.542832391088,NO
2181.993589059543,1794.5696121961796,NO
2183.0206241771575,1794.595448848004,NO
2184.0094008752317,1794.631196434378,NO
2185.0087517482348,1794.656662185723,NO
2186.0081201744542,1794.681439310868,NO
2186.974336710822,1794.6475815881242,NO
2188.0654798224055,1794.4635971233747,NO
2189.019614285723,1794.0248837960253,NO
2189.3371526152646,1793.651592667453,NO
2189.663119209523,1792.9848127515786,NO
2189.6349491173573,1792.0350735182435,NO
2191.9540578408655,1789.75593228723,NO
2192.9742101505904,1789.5980751192164,NO
2193.975449436185,1789.523911593113,NO
2195.066004192366,1789.3022931777834,NO
2196.0060468325955,1789.0124866456188,NO
2196.778112375417,1788.6900413656,NO
2197.0883503121954,1788.0684742192598,NO
2197.621260182448,1786.9774929208172,NO
2197.3173443924866,1785.883461100626,NO
2197.023885328059,1784.9884251796889,NO
2199.0643105166064,1782.415411159769,NO
2199.9736367625515,1782.366888393534,NO
2200.944047946043,1782.460893194559,NO
2202.061805751884,1782.7144345470886,NO
2203.020959045048,1782.9207952241125,NO
2203.982384074928,1783.1032657715393,NO
2204.9739554713133,1783.2459761093837,NO
2205.976730226464,1783.3469933849067,NO
2206.999233618302,1783.3862563867044,NO
2208.051912037903,1783.1075578907792,NO
2208.701029195661,1782.7703939254318,NO
2208.826638487595,1782.027193961756,NO
2208.678452347518,1781.2607277844802,NO
2207.407150069039,1780.2807406778572,NO
2206.9420995473956,1780.0924180264933,NO
2204.9399373832675,1779.1581881745067,NO
2204.0244256710666,1778.924706895028,NO
2203.0321864293674,1778.7154042124716,NO
2201.9964993712183,1778.6450362471403,NO
2200.989578895492,1778.667827280958,NO
2199.991682172347,1778.696993424751,NO
2198.9894554311413,1778.7311134961087,NO
2197.9882102370952,1778.7773044760665,NO
2196.9959280867474,1778.8123218191913,NO
2196.043125488147,1778.7516566662662,NO
2195.091675909891,1778.5786434113134,NO
2193.965664301115,1778.3367539707062,NO
2192.9872611113333,1778.2707013778586,NO
2191.9898723510246,1778.2245696040006,NO
2190.989229793239,1778.1664486433936,NO
2189.9940255153488,1778.0304698724158,NO
2187.9097195527484,1777.2370521542348,NO
2187.008668357104,1776.9762937190947,NO
2184.9350955043656,1776.2368654772351,NO
2182.8347809907,1775.2809822077681,NO
2181.6700366519512,1774.26668269799,NO
2180.8472976159837,1773.1037329552219,NO
2182.9592281392183,1769.7227513500238,NO
2183.9877897788406,1769.610799185498,NO
2185.010053664629,1769.605587004263,NO
2186.0,1769.6176470588234,NO
2187.0,1769.6176470588234,NO
2188.0,1769.6176470588234,NO
2189.0,1769.6176470588234,NO
2190.009406114103,1769.6309909094296,NO
2191.0,1769.643137254902,NO
2191.980633577293,1769.6201201843626,NO
2193.0,1769.592156862745,NO
2194.0,1769.592156862745,NO
2194.989296489308,1769.5800930433982,NO
2196.0,1769.5666666666666,NO
2196.9991452929844,1769.5649541495775,NO
2197.9898485982435,1769.5520142497048,NO
2198.9907744363636,1769.531341376355,NO
2200.0004685089743,1769.5225893573659,NO
2201.0379692360966,1769.4727169985917,NO
2202.035984937256,1769.3835841189016,NO
2203.011481481889,1769.3233950740153,NO
2204.0085905953138,1769.2903621311211,NO
2205.0124021724946,1769.2500277974916,NO
2206.008528279709,1769.2058970396795,NO
2207.002122466415,1769.180409650154,NO
2207.999307862058,1769.1764951804562,NO
2208.995132118582,1769.190970731947,NO
2209.9966336637194,1769.2146039239942,NO
2211.0,1769.2389061014019,NO
2211.9909718388067,1769.2708448539752,NO
2212.995913650217,1769.2605047817972,NO
2214.0191639689447,1769.2124700904726,NO
2215.027594656123,1769.1113840969945,NO
2215.96919601811,1768.9437404208047,NO
2216.640199802061,1768.5771420238118,NO
2216.6683739745067,1767.9437834592206,NO
2216.6643264883915,1767.3526892405673,NO
2215.9826139072075,1767.0514158123801,NO
2215.0035301718826,1766.9217870805835,NO
2214.001163371174,1766.9340756365975,NO
2213.017839766197,1766.88184050595,NO
2210.900322013734,1766.3473852233656,NO
2208.8095450923465,1765.3652685892866,NO
2206.942517384742,1764.0533195292023,NO
2205.6941110703856,1762.046051072343,NO
2205.615446256228,1760.9894436225964,NO
2207.9907515500017,1758.925131595572,NO
2208.9792248013173,1758.8141166438063,NO
2209.9808668708456,1758.7212029692294,NO
2211.012737484746,1758.7047219467233,NO
2212.015215391727,1758.7575046961626,NO
2213.0047502935236,1758.7981125316371,NO
2214.0,1758.8098039215686,NO
2215.0041882350756,1758.822000014921,NO
2216.0036349614415,1758.845514143623,NO
2217.004804104521,1758.8774953356221,NO
2218.004439945476,1758.9269557382884,NO
2219.000598467354,1758.9660868515375,NO
2219.9989014106795,1759.021549251235,NO
2220.989478492433,1759.1117910169576,NO
2221.9719101499454,1759.217057945877,NO
2222.981784054546,1759.2776551509958,NO
2224.03492534378,1759.0991610255508,NO
2224.710242266084,1758.7656435850322,NO
2224.5945993130426,1757.544278499261,NO
2223.9577816569736,1757.0929645783738,NO
2223.03854214299,1756.8873036809482,NO
2220.983978055314,1756.0250752358618,NO
2219.8849732511703,1755.1829427491195,NO
2222.012371205938,1751.4278730718868,NO
2223.0484175858182,1751.2806019208958,NO
2224.007917511411,1751.0188628596757,NO
2224.9011490926814,1750.746088841131,NO
2226.993937005266,1749.971369191559,NO
2227.9828171478953,1749.8174321979222,NO
2228.9888564136454,1749.7416714091573,NO
2229.9713266937033,1749.6719240222933,NO
2230.951776046642,1749.566902994772,NO
2232.055777645743,1749.3496829248115,NO
2233.022788866414,1749.0542847986703,NO
2233.8981800806646,1748.786106626969,NO
2235.0071182775155,1748.0108647392028,NO
2235.776270673748,1747.6128788823055,NO
2238.000689924107,1746.9886496360575,NO
2238.9954560459305,1747.055176588196,NO
2239.9962081920817,1747.1137542451825,NO
2240.9960270381125,1747.1447293242077,NO
2241.992644172723,1747.1786415313873,NO
2242.986651001823,1747.2269329681646,NO
2243.9868243179644,1747.279983236732,NO
2244.9832578677756,1747.328403350429,NO
2245.9788378341577,1747.3859209513712,NO
2246.974280649461,1747.4500886335945,NO
2248.020603556678,1747.5106655307177,NO
2249.0653417686253,1747.7725138373387,NO
2249.9871748873643,1748.035242114656,NO
2250.9902932328546,1748.2250205094217,NO
2252.02642261223,1748.087411202663,NO
2252.889848239964,1747.8449047206675,NO
2253.101532502118,1747.0259131674889,NO
2252.930270638303,1746.0731633639753,NO
2250.964440570255,1745.058092133401,NO
2249.876854388042,1744.18391878053,NO
2247.924032876505,1743.4265846264825,NO
2249.9462315266123,1739.9174762212674,NO
2251.0409139902526,1739.065792095992,NO
2251.798098998266,1738.75764907528,NO
2252.847249089937,1737.815837623976,NO
2254.907356666644,1736.623092071771,NO
2256.0523197484054,1736.2479075882547,NO
2257.0146997982515,1736.0851920135322,NO
2257.9814655059276,1735.9166370955145,NO
2258.9149073419753,1735.7081161264575,NO
2260.797658567023,1734.812471258499,NO
2261.0215034773287,1734.0057767255964,NO
2261.0120457785792,1732.9968822691565,NO
2260.835398601392,1732.039052489411,NO
2260.668167439527,1731.0071571727274,NO
2260.6968322897983,1729.9785999265252,NO
2260.7868607478304,1728.9677991052558,NO
2262.9885011014017,1726.8770502330385,NO
2263.986474822893,1726.818477892192,NO
2264.9810717754185,1726.745963310058,NO
2265.942597790177,1726.6329279606218,NO
2267.058392069444,1726.3847477575534,NO
2268.0257307791558,1726.2508751052233,NO
2269.0192199912185,1726.0960999575539,NO
2269.9885046803774,1725.934859855473,NO
2270.9867304785835,1725.8066441123754,NO
2271.972929888632,1725.718931600315,NO
2272.932455455846,1725.5856050936354,NO
2274.918592925718,1724.8997015143648,NO
2275.8319869762595,1723.8855809968466,NO
2276.533741040244,1722.6884378268305,NO
2276.9926387119262,1721.995485076401,NO
2278.0464093561163,1720.0433399539663,NO
2280.0333091701373,1719.2905138864521,NO
2281.0031915668606,1719.2325284420072,NO
2281.9939355765086,1719.237911997757,NO
2283.0047064298715,1719.2400279171786,NO
2284.019205649725,1719.155474306628,NO
2284.9962710018185,1718.9862441395314,NO
2285.8904397533997,1718.7698684291822,NO
2286.6255854169776,1717.8249358736343,NO
2286.7176651848613,1717.0932361456173,NO
2286.3850974105467,1716.4071930082234,NO
2285.714059910194,1715.2634029507149,NO
2284.7546852722235,1714.262573061958,NO
2283.6749032890734,1713.345995797126,NO
2282.610081454412,1712.3605913453964,NO
2281.638915388689,1709.9922119006987,NO
2281.7955163100874,1708.9475144544188,NO
2283.8763811029344,1706.6804568084294,NO
2285.941546839986,1705.8421764604386,NO
2286.930943140636,1705.521679696183,NO
2288.029834982013,1705.3538567564005,NO
2289.0148671307315,1705.2916244763771,NO
2290.0118770229037,1705.2422912600102,NO
2291.0074656134943,1705.2003927873532,NO
2292.002073447197,1705.1762430164795,NO
2293.008196345566,1705.1348430997298,NO
2293.993568982827,1704.9772282489655,NO
2294.9066628633204,1704.7692498610752,NO
2295.7583954287747,1703.7923763807264,NO
2295.71763773536,1703.2359238281313,NO
2294.924303593241,1702.3332794351907,NO
2293.961390789508,1702.1256052931028,NO
2293.0369714073577,1700.112650560058,NO
2291.2896799289842,1697.9520056912038,NO
2291.0564144744612,1696.9817482588862,NO
2290.8379856890615,1696.044156840961,NO
2290.6388650678537,1694.9938790692204,NO
2292.8656154656146,1692.7886027806644,NO
2294.9108858177406,1691.5785641786622,NO
2296.0492758990936,1691.24493019961,NO
2297.0123335995568,1691.0507269001978,NO
2297.9659220251306,1690.855275539355,NO
2299.932443764337,1689.930219693713,NO
2300.2003651827617,1688.97343996479,NO
2299.9136868659357,1688.1066221019755,NO
2298.8583942258683,1687.1163190268005,NO
2297.8434226580684,1685.0148238910538,NO
2299.937910292108,1682.6184802197142,NO
2301.05500170199,1682.3781366954863,NO
2302.0397047735023,1682.1874947636027,NO
2303.0020953083977,1682.0100812011394,NO
2303.9663207737767,1681.8319457850996,NO
2304.942718365443,1681.6496149307611,NO
2306.067171655765,1681.343718774301,NO
2307.0188799236844,1681.0423406886068,NO
2307.906422890485,1680.7686280113753,NO
2309.8413280266504,1679.7927994884474,NO
2310.4688588425006,1678.7156662689706,NO
2310.3377058084548,1677.839555650922,NO
2309.9314092321324,1677.1007691598795,NO
2307.9092441421367,1676.3555844164912,NO
2306.966765972866,1676.1015656655766,NO
2306.051070437438,1675.8735797384327,NO
2304.9642194839294,1675.6389420560129,NO
2302.9666394784804,1672.9252632722898,NO
2304.999566019648,1671.999092415002,NO
2305.734157510962,1671.6793244363448,NO
2306.7262500482852,1670.740424807724,NO
2307.8455622058054,1669.7764194124422,NO
2308.932672386656,1668.907885107881,NO
2309.967822036221,1667.9672864804434,NO
2310.787341325571,1666.9020006050096,NO
2312.9433744175794,1664.787211670922,NO
2315.024113654317,1664.0919619600472,NO
2315.968197416539,1663.885712979905,NO
2316.949341239373,1663.6684153940741,NO
2318.0574591872914,1663.445992763063,NO
2319.0544787946324,1663.198710429728,NO
2319.993543478922,1662.979159331653,NO
2320.969528487371,1662.7680526720358,NO
2321.9793478247825,1662.6556842309265,NO
2322.965468168641,1662.5847958597008,NO
2324.0611333651777,1662.4012129994267,NO
2325.0375071490143,1662.0868814570797,NO
2325.8658302955732,1661.8121624220576,NO
2326.9209786251336,1660.9091708336518,NO
2327.9617660551826,1659.9489800255417,NO
2328.572447398723,1659.3646243770602,NO
2329.0095542385347,1659.0095263428866,NO
2329.7084888734125,1657.9190431929403,NO
2329.793249100673,1657.0111246678237,NO
2329.7178395319597,1656.046473488954,NO
2330.9247054030443,1653.8452661473996,NO
2332.884336531408,1652.739325613151,NO
2334.8833130765875,1651.7695633504181,NO
2335.931861724879,1650.9399590676778,NO
2336.2529450635134,1650.0760891680072,NO
2336.513204045724,1648.9955611311711,NO
2336.3642519852165,1647.9342067566586,NO
2336.039649119769,1646.9795281083348,NO
2335.732900061995,1646.2053767128266,NO
2335.6601656372222,1642.6900159571321,NO
2336.848574981229,1641.756169938504,NO
2337.887697868845,1640.8952349165174,NO
2338.1653090016302,1640.0497631185228,NO
2338.250021030423,1638.955848960338,NO
2338.006903812962,1637.9972357514343,NO
2337.78338146704,1637.0254845324291,NO
2338.910777222975,1634.9245379471463,NO
2339.765267525092,1633.8397958837502,NO
2340.7289350724923,1632.73599863765,NO
2341.801152396315,1631.712246493553,NO
2343.8121486228583,1630.5886702569117,NO
2345.8202593029428,1629.6346916153288,NO
2346.9602190312307,1628.9308748927192,NO
2348.9608633355065,1627.9242790625622,NO
2351.0230491183756,1627.0555617307916,NO
2351.9123251400924,1626.793493094089,NO
2352.9902586836974,1625.9886170635532,NO
2353.2201859288575,1624.9169324357815,NO
2352.91845758939,1624.111169027265,NO
2352.065502401678,1623.855156662413,NO
2351.8072171338285,1619.5347031073743,NO
2353.9327079558275,1618.7651126792996,NO
2355.9532668911083,1617.9304046502837,NO
2356.4688290324975,1617.6318029277948,NO
2356.992889738183,1616.9927471256758,NO
2357.5311375841184,1616.2223696059568,NO
2357.711075363758,1615.9208597699023,NO
2358.560016423684,1613.711464781853,NO
2358.993780516965,1612.9958513618205,NO
2359.660960871855,1611.872388393237,NO
2359.9185984112837,1610.974361704822,NO
2360.071307368122,1610.0022039166047,NO
2361.886342156048,1607.695129553008,NO
2363.9307620697145,1606.8104199563704,NO
2366.000276248499,1606.000604254584,NO
2366.9149295098205,1605.7110152355917,NO
2368.886277822928,1604.8827138746196,NO
2369.15478203969,1604.0543209672062,NO
2369.136397410365,1602.9410214529553,NO
2368.8607518861572,1602.1511270991032,NO
2367.668678509423,1599.990119637361,NO
2367.6384835309955,1599.0315318615087,NO
2367.433898393619,1597.9276077186569,NO
2367.176944118603,1596.9486966736247,NO
2367.837001617519,1594.7740462086456,NO
2369.91756203492,1593.7002543142237,NO
2371.941890820075,1592.9146907768372,NO
2372.9453762354747,1591.9573466834763,NO
2373.2670297636555,1591.0882555974372,NO
2373.54897072551,1589.989131824772,NO
2373.590761644553,1588.9871611501294,NO
2373.7993715919447,1587.946499089535,NO
2374.6803151977615,1585.8716226420281,NO
2375.775728843189,1583.86309997862,NO
2376.8887637377397,1582.7927492763945,NO
2378.904213108452,1581.7618271935457,NO
2380.864967601559,1580.809833263747,NO
2381.8704090093065,1579.8886146377763,NO
2382.6426219104046,1577.9420076154097,NO
2383.781412351845,1575.812550190773,NO
2384.537256102951,1574.6690637295635,NO
2384.6894984731325,1573.991374957394,NO
2384.5641069857165,1573.3296440916445,NO
2383.687719675896,1572.4900964332803,NO
2382.949223848678,1572.1266673917428,NO
2382.0063579210027,1571.949188321478,NO
2381.0856857083954,1568.419549200206,NO
2382.0399205555104,1568.094507792393,NO
2382.9173520880872,1567.8354355737224,NO
2384.8904324550404,1566.7828661478168,NO
2386.81358843488,1565.6442118553684,NO
2387.92011675719,1564.9090983813585,NO
2388.656698545098,1563.832321698858,NO
2388.846184990404,1562.9907009757876,NO
2388.8504873864977,1562.0093811836623,NO
2389.9657086939555,1559.9451719415374,NO
2391.9952124918777,1558.987394593078,NO
2392.849170581948,1558.6835692176896,NO
2393.9307942618275,1557.9270640246818,NO
2394.2802537271004,1557.1033178885677,NO
2394.3903205993797,1555.9171037359706,NO
2394.0951015691276,1554.9640130267665,NO
2393.895516534182,1554.028027123254,NO
2395.8569380115523,1551.677923282089,NO
2396.973926166804,1550.9606556129922,NO
2397.6405219297167,1550.5161182728293,NO
2398.4544422930803,1549.6408987442703,NO
2398.8722107942253,1548.9459085981318,NO
2399.1098842812544,1548.0396835412585,NO
2399.9145016288035,1545.95891864772,NO
2400.8886667162274,1544.8823138905352,NO
2401.8844406093026,1543.8946591240617,NO
2402.874755620197,1542.8697954377838,NO
2403.8012208246187,1541.8486118843266,NO
2404.056944145118,1541.0184466953244,NO
2404.213463248341,1539.9889880070173,NO
2403.972520082689,1539.0146683348676,NO
2403.5682965789324,1538.4096052562045,NO
2402.8932278332413,1535.9704806375696,NO
2403.5656085853097,1533.8940508712158,NO
2403.7534072110097,1532.9652651518861,NO
2403.813490734432,1532.0007314088632,NO
2403.7595048037088,1531.028765111968,NO
2403.655674575214,1530.0344325445412,NO
2403.592156862745,1529.0,NO
2403.67381561982,1527.9609857894761,NO
2403.8495853145437,1526.9666728256302,NO
2404.6616841109817,1524.7951044612485,NO
2405.890573777224,1523.767534729208,NO
2407.8513385910364,1522.7469722141316,NO
2409.441119036888,1521.623298160369,NO
2410.8801708796373,1520.7784822008587,NO
2411.951219310136,1519.946790993924,NO
2412.603866584991,1518.839820142594,NO
2412.216050753826,1517.8128477559499,NO
2411.8897303768263,1517.2125196423196,NO
2409.6559443455903,1515.0505964203758,NO
2409.5363622062855,1514.0100000306415,NO
2409.5722154177356,1512.966448267995,NO
2409.644396782795,1511.9721095515397,NO
2409.6531631103508,1511.0197220970833,NO
2409.6714009039833,1509.9774490821271,NO
2410.8478785467487,1507.8525988182962,NO
2412.329740651166,1506.632544744731,NO
2413.9133943231323,1505.8433955138312,NO
2414.991090224361,1504.9892115737543,NO
2415.4381715645336,1504.5070947919353,NO
2415.679769897108,1503.9113151826375,NO
2415.640915170861,1503.2093872136645,NO
2414.869879550799,1502.2134182213354,NO
2412.777918175465,1499.9916774066485,NO
2413.1632990409175,1498.070086953079,NO
2413.8975103071207,1496.9479259496127,NO
2414.604658616209,1495.7660224385043,NO
2414.964415855485,1494.9841807273585,NO
2415.7468560032617,1492.9417429207333,NO
2416.865192424061,1490.8943950709793,NO
2417.8538515381024,1489.839280850025,NO
2418.905859097292,1488.8879274901292,NO
2419.8655699461565,1487.891175676098,NO
2420.539579976978,1486.750877550664,NO
2421.001074131057,1486.000831585371,NO
2422.0015786819476,1485.0018305249903,NO
2422.557795848375,1484.4725069852864,NO
2423.760481478076,1483.7128376585133,NO
2424.884352053464,1482.8375468089694,NO
2425.96805482018,1481.951362742957,NO
2426.7138582865095,1481.442517004865,NO
2427.915410529776,1480.8685516195765,NO
2428.9739466826945,1479.9719032835574,NO
2429.8081374320013,1478.9101184325175,NO
2430.701089337401,1476.8507271556782,NO
2431.0421523547225,1476.0306336903816,NO
2431.9332098863806,1474.9599259336853,NO
2432.1943033811453,1474.0395766333133,NO
2432.1947658009876,1472.960580798677,NO
2432.019609486017,1471.9952322032866,NO
2431.892156862745,1471.0,NO
2432.654492479597,1468.817084253219,NO
2433.9526035051754,1466.9551458437331,NO
2434.9832017008366,1465.9770831145886,NO
2435.737545007211,1465.5256918606294,NO
2436.900945731425,1464.8670208485387,NO
2437.940105441473,1463.9303782038874,NO
2438.9475413824066,1462.9494651102077,NO
2439.2597326086548,1462.100950087677,NO
2439.009936785841,1460.9861678492027,NO
2438.064058041888,1460.5215664836905,NO
2436.976129396135,1460.4259018342152,NO
2435.9593625906828,1460.354947979764,NO
2433.8112135493866,1457.969638467331,NO
2434.0465808329504,1457.0195023632577,NO
2434.3465372124815,1456.1170681274239,NO
2434.6986613439612,1454.9732610771407,NO
2435.953917704075,1452.9471508478416,NO
2436.997809082038,1451.9971888836608,NO
2437.6094835427434,1451.5239343237195,NO
2438.741514942965,1450.7099923840701,NO
2439.759454486008,1449.7662838511387,NO
2440.73057710888,1447.9182319145025,NO
2441.539287366171,1445.680822908433,NO
2442.797040722753,1444.6903941009587,NO
2443.9174025192083,1443.890825414733,NO
2444.9455918591084,1442.946019144968,NO
2445.834928841539,1441.8966123075081,NO
2446.099405908639,1441.037658222147,NO
2446.3882335730227,1440.0615062255479,NO
2446.549153510882,1438.9847928765726,NO
2446.740680976888,1437.9420345701865,NO
2447.953642185411,1435.9623696951016,NO
2448.7644153993924,1434.8704284640569,NO
2448.9533677827976,1433.9933779474566,NO
2448.8812195361943,1433.0411591015545,NO
2448.5891512485714,1432.1856118679034,NO
2447.8562532095016,1430.0386163480161,NO
2447.508341653853,1429.2792729778719,NO
2446.7930250401832,1428.252727328783,NO
2445.0697439718842,1427.607231321861,NO
2445.781482884142,1423.8204502788737,NO
2446.521412006717,1422.6538514334643,NO
2446.910876654985,1421.9610267581934,NO
2447.118728201129,1421.0156721221779,NO
2447.12350273921,1419.9864389151971,NO
2447.0161979737627,1418.9976583189484,NO
2447.684691377045,1416.8751216662956,NO
2448.5325493190307,1414.6375037055511,NO
2449.030954980967,1414.0278114578668,NO
2449.998700960753,1412.9987759414355,NO
2451.009346457969,1412.0104963373838,NO
2451.5350669315594,1411.4580845643216,NO
2452.5960202615483,1410.5896957409734,NO
2453.609682457348,1409.6381728028218,NO
2454.457867022639,1408.6132725161613,NO
2454.958324552938,1407.9725183650064,NO
2455.93052358736,1406.921825776494,NO
2456.9857311356036,1405.9797181707697,NO
2459.0040639142126,1405.010926460438,NO
2459.874247512974,1404.7297260054584,NO
2460.957670991638,1403.9512444001907,NO
2461.9500326414986,1402.957326212148,NO
2462.5939867952184,1401.0557273015395,NO
2461.843726283832,1399.0444047946755,NO
2462.6741538584292,1396.7626785414786,NO
2463.018538094076,1396.0096007813336,NO
2463.870260181646,1393.9623253063548,NO
2464.0264093529013,1393.0029165343665,NO
2464.9261290643644,1390.9423708859522,NO
2466.6540944489193,1389.5978161601727,NO
2467.7150568350658,1388.675272299721,NO
2468.806943174035,1387.7843045874558,NO
2469.8124033696035,1386.816759750784,NO
2470.0904183124076,1386.0557814526205,NO
2470.474444132493,1384.966148332895,NO
2470.1047140907035,1383.9510610807952,NO
2469.8623690773165,1383.0475057434337,NO
2469.604019415594,1382.0237510481552,NO
2469.53931210232,1381.0165847652095,NO
2469.3828017418477,1379.9393543168076,NO
2469.144517816432,1378.9578133400332,NO
2468.9444351992306,1378.013509873449,NO
2468.7847134100225,1377.009709003238,NO
2468.814549913086,1375.9814549901978,NO
2469.49061165036,1373.5647045055734,NO
2470.8008467582094,1372.70679080502,NO
2471.952631257309,1371.9186275920208,NO
2473.0326379237567,1371.0434492344016,NO
2473.72219110603,1370.6878331339165,NO
2474.752522237768,1369.746924990812,NO
2475.7620694252337,1368.7694585827173,NO
2476.7691587686463,1367.745112803631,NO
2477.863930405142,1366.8329272019241,NO
2478.905510527332,1365.8928400418658,NO
2479.8849232113926,1364.898672650908,NO
2480.131119188446,1364.034781092175,NO
2480.050960810219,1362.9756765128463,NO
2479.801397711792,1362.1199782437077,NO
2479.0361307098283,1359.9933302641782,NO
2478.842780521274,1359.0551162377433,NO
2478.0219509767644,1356.9929427824256,NO
2477.7708417709837,1356.089714070419,NO
2476.9879064566576,1355.0134146866424,NO
2476.7206052358965,1351.7441057357719,NO
2477.5445871169654,1350.6249995827843,NO
2477.9966080030117,1349.9972153972797,NO
2478.861343711425,1348.92589330207,NO
2479.1068061960514,1348.0304248718946,NO
2479.3271104030987,1347.051580286216,NO
2479.4925710212283,1346.0516895522026,NO
2479.7639195579823,1344.9407484375129,NO
2480.9207414615307,1342.9411116511342,NO
2481.8620860837036,1341.88196556148,NO
2482.866065146508,1340.8507352472293,NO
2483.9090755731177,1339.8981911933745,NO
2484.8663318369463,1338.8958536432992,NO
2485.397095508699,1337.7055177419957,NO
2485.875399556472,1336.9449834608652,NO
2486.124315368983,1336.0472165523058,NO
2486.384323168496,1335.0430472986936,NO
2486.3840827534477,1333.9529694592911,NO
2486.2482065423987,1332.9549394359153,NO
2486.98598189983,1330.9885398247313,NO
2487.9356605049065,1329.9471192808173,NO
2488.805741745288,1328.8726136750329,NO
2489.0417565982784,1328.0126686684202,NO
2489.1265097468836,1326.980287437019,NO
2488.956363596507,1326.0115508122938,NO
2488.767119292033,1325.0319640181224,NO
2488.6574396469528,1324.016120487578,NO
2488.6294117647058,1323.0,NO
2488.6947575297904,1321.9694757511506,NO
2489.5340854517535,1319.6492383115844,NO
2490.0108321023904,1319.0084422858492,NO
2490.809864637335,1317.9109599684564,NO
2491.0265207098014,1317.0054924545732,NO
2491.153751412773,1316.004522100224,NO
2491.1655531434867,1314.9983769299506,NO
2491.153785324919,1313.9978892210243,NO
2491.1378207018624,1312.9972976332263,NO
2491.1759822225677,1312.0175982233109,NO
2491.3103242889483,1311.075191510709,NO
2491.623365589581,1309.931980366769,NO
2490.903944143741,1308.1420254373847,NO
2488.8923112599273,1307.3940239320757,NO
2487.7901671921245,1303.9303496158536,NO
2488.0081466981974,1303.0021564788608,NO
2488.17395956407,1302.0105740130898,NO
2488.15293678987,1300.9847063200968,NO
2488.062657577229,1299.9925849022757,NO
2488.7451219707164,1297.890052610926,NO
2490.0203889578074,1296.0223720782633,NO
2490.559988238024,1295.5993452836212,NO
2491.696835525696,1294.6481437100047,NO
2492.801782546543,1293.7956362764148,NO
2493.5510232372526,1292.6763190818554,NO
2493.9720729562036,1291.980525025164,NO
2494.745620706056,1289.9678890044806,NO
2494.7446404671123,1289.030766207812,NO
2494.090293660078,1286.97245587372,NO
2493.90864164052,1286.0130767853007,NO
2493.814060141587,1285.0040104674529,NO
2493.8175725785773,1283.9938831038787,NO
2494.7604523579844,1281.87752664388,NO
2495.952290618156,1279.9665640956073,NO
2496.8702468983115,1277.9557098993348,NO
2497.0973254273117,1277.0320578826581,NO
2497.3299691449092,1276.0216051225834,NO
2497.244725339057,1274.9560749384787,NO
2497.024180652503,1273.992224260832,NO
2496.812228722222,1273.0360815416068,NO
2496.6904627364524,1271.9945375774444,NO
2496.7540942334253,1270.9778202641912,NO
2496.9042048356937,1269.9810288017472,NO
2497.075266210254,1269.0156435647114,NO
2497.227654696289,1268.0205335608418,NO
2497.252224042488,1266.9866469626004,NO
2497.124934819313,1265.9784426196497,NO
2496.9094797763896,1265.0371339772103,NO
2496.476858089325,1264.3034539322412,NO
2496.6397221408242,1260.828068830513,NO
2497.9395100940906,1258.951341856964,NO
2498.822952389678,1257.882254739916,NO
2499.083273572465,1257.0353025899155,NO
2499.3189340156446,1255.9812391754804,NO
2498.9984370847665,1255.0010678415706,NO
2498.5742956867844,1254.4761830737962,NO
2498.1389501000417,1251.0597634837434,NO
2498.854944773188,1249.936476942061,NO
2499.1088401157995,1249.0454735159806,NO
2499.3991102503464,1248.0597223826023,NO
2499.2085744064775,1246.9226780223212,NO
2498.911676378791,1246.078522262093,NO
2497.8592254427103,1245.2431560504554,NO
2496.741000854178,1242.9685138292475,NO
2497.4058740108076,1240.7237397352428,NO
2497.90392123511,1239.9539319967175,NO
2498.6728353852554,1237.9140144283053,NO
2498.8541517699286,1236.9754025787765,NO
2499.7427454414183,1234.7745264723342,NO
2500.729141303162,1233.789420253117,NO
2501.4073705672386,1232.6004530704297,NO
2501.9716173844768,1231.9785956160492,NO
2502.923314485064,1230.9350830548992,NO
2503.894247789186,1229.9045386588105,NO
2504.8797414144747,1228.885114335759,NO
2505.8244221305868,1227.8557672045845,NO
2506.6896076959247,1225.897695815202,NO
2506.8352502484204,1224.9832457884768,NO
2506.754021785781,1224.0829234162936,NO
2506.130158409935,1222.942867763955,NO
2505.861893841943,1222.0768293282367,NO
2505.017286630422,1220.9876810219334,NO
2504.62984195747,1220.3461955024559,NO
2502.878390617929,1217.986408363148,NO
2502.8644146739016,1217.0152753159591,NO
2502.7024454262837,1216.0998417096791,NO
2502.0321348735133,1214.977121776851,NO
2501.6496557302767,1214.3025700323124,NO
2500.8272969406603,1211.9878091959176,NO
2500.897399655742,1210.9921076654725,NO
2501.7642103244384,1208.882525712304,NO
2502.67428290761,1207.641159105638,NO
2503.811720418238,1206.7782484937475,NO
2504.885085585373,1205.8649755686256,NO
2505.852670983088,1204.8841062258716,NO
2506.6994712694523,1203.7720126848449,NO
2507.7146385688156,1202.7124848973638,NO
2508.528983449122,1201.648998152571,NO
2508.9305742549004,1200.9599975466438,NO
2509.5560315368325,1198.9474060841355,NO
2509.4133026449945,1197.9058356539233,NO
2509.0988447083696,1196.9612512551776,NO
2508.9103966999055,1196.012298491932,NO
2509.638491580908,1193.8199127738947,NO
2509.93988307077,1192.9790373825201,NO
2510.136651246993,1192.019023998122,NO
2510.1182038435136,1190.9796040429121,NO
2509.9594571609214,1190.0096984832005,NO
2509.8919961412953,1188.9879289804692,NO
2510.0756095502575,1188.0260979714851,NO
2510.3577524512407,1187.0896329683078,NO
2510.6905902447356,1185.9536730757304,NO
2510.565064417451,1185.1820264901216,NO
2509.9165447458154,1184.1047856659468,NO
2508.8658782252687,1183.1254687517098,NO
2507.756740221151,1180.9952019767513,NO
2507.80026789325,1179.9894259474036,NO
2507.891763952917,1178.9869775169486,NO
2508.9309550739795,1176.9504764665426,NO
2509.8405938846686,1175.8756149225103,NO
2510.513070926062,1174.7075686278956,NO
2510.837433255458,1173.95511960994,NO
2510.927500265953,1173.0032695959032,NO
2510.8277534874946,1172.0341115625276,NO
2510.6732128569843,1171.0390863056873,NO
2510.6113500731276,1169.9878070615891,NO
2510.740371782446,1168.9546923292914,NO
2511.1318869713564,1167.0646874200766,NO
2511.981947001152,1165.9863589565714,NO
2512.938576884288,1164.9451350811805,NO
2513.87419471914,1163.9075005741263,NO
2514.620946228815,1161.9487345295447,NO
2514.6921121272876,1160.9966632841424,NO
2514.715495621171,1159.9921900757838,NO
2515.801575955116,1157.8572377636713,NO
2516.5926562576506,1155.9082479279045,NO
2516.703502298713,1154.9976088896306,NO
2516.3772225940124,1153.8692879811576,NO
2516.0119408305363,1152.9928614599694,NO
2515.6559431934847,1152.1851247554678,NO
2514.788693953491,1150.0352176744182,NO
2514.6684568672986,1149.0065008459087,NO
2514.7261151699927,1147.9726115153587,NO
2515.948899191331,1145.9523546455077,NO
2516.8668776366662,1144.9065643493207,NO
2517.550425121979,1143.7299830057943,NO
2517.9449063556053,1142.970199653632,NO
2518.7221907284024,1140.9308334949335,NO
2519.7405565298377,1138.8600211934486,NO
2519.9912798241453,1137.9967385169136,NO
2520.0971831938045,1136.9844736909827,NO
2519.8562832961197,1136.120946006303,NO
2517.9615281511656,1135.1773202528238,NO
2516.9990195497217,1135.0049918355596,NO
2514.57727446162,1133.0408817320993,NO
2514.5558087206255,1131.9764839913453,NO
2514.642644382308,1130.9635637410356,NO
2514.773136281671,1129.9666376880791,NO
2515.855229390755,1127.8699886097743,NO
2516.701854966588,1126.8209562730262,NO
2517.8327732316384,1124.9164830559978,NO
2518.8712148714144,1122.9347488682981,NO
2519.6490524611636,1121.7542355952778,NO
2520.7650253971015,1119.891968682954,NO
2521.0068385347386,1119.0023427058209,NO
2521.1724593193894,1117.993156375888,NO
2521.0253535396496,1116.9933990782265,NO
2520.887768166218,1116.0044012484163,NO
2521.009685287384,1115.0026941126985,NO
2521.2154662390726,1114.0655960174777,NO
2521.48350803093,1113.0558675233633,NO
2521.597515799213,1111.9794811968297,NO
2521.69616975641,1110.962468028572,NO
2521.807633416713,1109.9773686380242,NO
2521.8940892669193,1108.9925239483182,NO
2521.932278936072,1107.9991985673319,NO
2522.7598783567887,1105.8781347944343,NO
2523.6924609926,1104.6652932386344,NO
2524.8199703694313,1103.7839053218274,NO
2525.717878551094,1102.785681217012,NO
2525.9288706542666,1101.9834199001532,NO
2525.8977441367706,1101.033457950195,NO
2525.6272969001107,1100.2226279874847,NO
2524.6193008558957,1098.0470275415323,NO
2524.5546643960656,1096.9764234094575,NO
2524.606237419782,1095.9791537459778,NO
2524.644284117686,1094.9902352501751,NO
2524.6856149412106,1093.9845889672465,NO
2524.7862169692303,1092.9723339624622,NO
2524.9271347908307,1091.9872843062503,NO
2525.0384437215744,1091.002562914657,NO
2525.024781343988,1089.997764819954,NO
2524.8867878017904,1089.0259722101164,NO
2524.711545968222,1088.0537316324276,NO
2524.791830140235,1086.9424471589925,NO
2525.6835053725436,1085.4441106709128,NO
2525.9246752753525,1084.9516572657135,NO
2526.6455692795234,1082.986953470574,NO
2525.952785879374,1081.0235593683292,NO
2525.6441875907794,1080.0439532977982,NO
2525.676799057042,1078.9461331761736,NO
2525.9312787090416,1077.9750716880612,NO
2526.160032602113,1077.045185675541,NO
2526.368266826577,1076.0101092855539,NO
2526.206181150105,1074.9498696799608,NO
2525.9669486407797,1074.0129416019313,NO
2525.706864421457,1073.0610459145473,NO
2525.5443010297527,1071.999552797868,NO
2525.7060643631,1070.9383311475656,NO
2525.935531832136,1069.979521875616,NO
2526.1414820803743,1069.0274641695287,NO
2526.283410283129,1068.0122255417164,NO
2526.256373866427,1066.976876082636,NO
2526.1791824636075,1065.9859464734163,NO
2526.151596617891,1065.0029724827812,NO
2526.1966091904583,1064.015034821311,NO
2526.276799469063,1063.0265944603605,NO
2526.3671639636773,1062.0304159497998,NO
2526.454737247146,1061.030744092733,NO
2526.6761929348813,1059.9322415803615,NO
2526.9144098268453,1058.9725942790833,NO
2527.097057809377,1058.0142732074332,NO
2527.064065375026,1056.9857989491427,NO
2526.833864889829,1056.1045733941512,NO
2525.9187716696724,1055.096044375308,NO
2524.6114770418308,1053.019045243616,NO
2525.849534861507,1050.7544723777428,NO
2526.9816973810207,1049.9672078073825,NO
2527.699617213056,1049.5209351675967,NO
2528.600139244316,1048.712674893969,NO
2528.9357030589777,1047.9762975960493,NO
2529.1310562520366,1047.0149044368413,NO
2529.175444414206,1045.9920878007972,NO
2529.0696047905453,1044.9893545611128,NO
2528.909339142207,1044.0195543033658,NO
2528.7354542079133,1043.0492781368769,NO
2529.795898697982,1040.584394760713,NO
2530.905670513089,1039.8976877620537,NO
2531.811235267313,1038.860770973783,NO
2532.0974445870647,1038.0606645814269,NO
2532.748100307863,1036.9486624671258,NO
2532.881920331423,1035.9900442630403,NO
2533.0102209762213,1035.0018143744287,NO
2533.186693447693,1034.0525605166836,NO
2533.4268145768488,1033.0740166491114,NO
2533.5666666666666,1032.0,NO
2533.5332584399034,1031.0220470882873,NO
2533.388932047994,1029.9485871862664,NO
2533.136570045223,1028.9561171339512,NO
2532.8718400085845,1028.0830525536232,NO
2532.876627985083,1024.8461908081854,NO
2533.919521567637,1023.9091446902895,NO
2534.9255223009213,1022.9318404610867,NO
2535.2441160718968,1022.0892323290998,NO
2535.5303452612607,1021.0339448405202,NO
2534.876637201114,1019.0880328617085,NO
2533.9800305413105,1018.0124726918127,NO
2533.536659242303,1017.2242766524929,NO
2532.8143582148123,1014.9941414819345,NO
2533.8405665458695,1012.9077733202946,NO
2534.625450613369,1011.2853997934554,NO
2535.113995949531,1010.060583528542,NO
2535.820715164262,1008.9332893651698,NO
2536.026504962273,1008.0053009923741,NO
2536.674198181796,1005.9130964396605,NO
2536.842755446142,1004.9793423815192,NO
2536.932765918803,1003.9957813909522,NO
2536.97603206562,1002.9994830445631,NO
2537.069038437312,1002.0115744921292,NO
2537.6421391179742,999.9273741823423,NO
2537.7520497324454,998.9842882998557,NO
2537.0487397692286,996.9747467715005,NO
2537.680992641582,994.7934800786558,NO
2538.006222447076,994.0026048934942,NO
2538.24983946667,993.0507563421343,NO
2538.203177148271,991.9411200933209,NO
2537.917286995222,991.0644017018402,NO
2536.9225502722798,990.1045169267602,NO
2535.7349093115636,989.5401127460883,NO
2534.761926994656,986.987396135147,NO
2534.7979679849814,985.9956424468235,NO
2535.5821973131224,983.6801744794391,NO
2536.0310178494974,983.0222750729507,NO
2536.8006896820393,981.9022251312824,NO
2537.7255065138465,980.688767410159,NO
2538.874078255407,979.8470950294825,NO
2539.895464441168,978.9067160766898,NO
2540.7881971400525,977.8465158203281,NO
2541.685757736139,975.9141746882441,NO
2541.8643469243225,974.9798535033492,NO
2541.999354364116,973.9999101173526,NO
2542.1568393935863,973.0371217495634,NO
2542.36217779257,972.0711023902101,NO
2542.5518280578776,970.9792299305435,NO
2542.4357709823676,969.93303086646,NO
2542.0787745596213,968.9592427289514,NO
2541.7835652079466,968.170837574488,NO
2540.692203346934,966.0066387512057,NO
2540.723401735752,964.9783060184499,NO
2540.779598134892,963.990492468493,NO
2540.8209593488846,962.9933298582318,NO
2541.7495668544734,960.7943537115439,NO
2542.5959137116024,959.7011640835254,NO
2542.9681238856692,958.9823618825495,NO
2543.2351178808567,957.9947529483551,NO
2542.942356316779,957.0422622671232,NO
2541.9646659916184,956.0394352782258,NO
2540.915858056566,955.125910243043,NO
2539.56651205777,953.0135996211911,NO
2539.3169373371466,951.9114918284627,NO
2539.13880741301,950.9693251011157,NO
2539.06025857291,950.0024959172091,NO
2539.0024770781465,948.9996405808163,NO
2538.868278082098,948.022470208681,NO
2538.758319589232,947.0047388317073,NO
2538.760515186403,945.9938954851243,NO
2538.782832977358,944.9863444666132,NO
2539.8963195517026,942.9335381732271,NO
2540.8052650935256,941.840720270127,NO
2541.5834467948416,940.7167946247896,NO
2541.990794176947,939.9935548106157,NO
2542.881934114307,938.9231763042644,NO
2543.1472632461264,938.0618932468541,NO
2543.480453521202,937.0082304671362,NO
2543.154769187253,935.9346316492371,NO
2542.877336575708,935.1015039783821,NO
2541.8607007414507,934.1808446538369,NO
2540.9187983062484,931.9818490328113,NO
2541.7806154978903,929.9124969259021,NO
2542.0021126302927,929.0004891732702,NO
2542.150878957011,928.0159754186452,NO
2542.1070429453107,926.981739733544,NO
2541.89622319251,926.0444757760806,NO
2541.432679884953,925.3007284191385,NO
2540.6240130056117,923.0751973977349,NO
2540.360194683085,921.9602238992986,NO
2540.3153561909103,921.0075084804841,NO
2540.2432521990654,919.9681455430974,NO
2540.1121283640236,918.9825283229771,NO
2540.017180121464,917.9991241506373,NO
2539.988285334623,917.0000459398628,NO
2539.986274509804,916.0,NO
2539.986274509804,915.0,NO
2539.9645245021966,914.0014607556955,NO
2539.8721461129808,913.0202802725589,NO
2539.663493623738,912.1290132435961,NO
2538.791471684654,910.0282126546874,NO
2538.722328747789,908.9874775707716,NO
2538.725274417441,908.0092481881326,NO
2538.6582576860073,907.0430595294279,NO
2537.996418880878,905.0017685445478,NO
2537.6693182211848,904.1234342104783,NO
2536.858063549372,902.0398469159504,NO
2536.0775897814647,899.9719593388393,NO
2535.8796751447826,899.0283117298809,NO
2537.871962052798,896.6992442107386,NO
2539.7981110075134,895.7204613997618,NO
2540.524043511088,894.7388276229558,NO
2540.7382477520277,893.975032863122,NO
2540.6706325054333,893.0937981272223,NO
2539.9570245916334,891.007628770512,NO
2539.9031297175234,889.9918325054332,NO
2540.0049796470657,889.0006444248739,NO
2540.822986872467,886.9080010696952,NO
2541.4251594688467,885.6345262945676,NO
2541.947908659106,884.9677587072403,NO
2542.233278391682,884.0751809135172,NO
2542.4158701784245,882.9734374351574,NO
2542.1432061463024,881.9491575823467,NO
2541.9239160092966,881.0256596988818,NO
2541.7695286185603,879.9778566698894,NO
2541.9606811066824,878.9885898115712,NO
2542.7959304704877,876.9167611145178,NO
2543.708729954564,874.8925537225352,NO
2543.9716823486483,873.9911944121839,NO
2544.6764950824236,871.905489135624,NO
2544.907576083441,870.9729557612558,NO
2545.0480492287534,870.0011305701241,NO
2544.9455634642754,869.0124883816957,NO
2544.7687883519866,868.0485091129229,NO
2544.6033096626184,867.022556900893,NO
2544.5666666666666,866.0,NO
2544.5807477599838,864.989313178162,NO
2544.6259452434224,863.9787302203316,NO
2544.7106382680813,862.9710638250748,NO
2544.822009938493,861.9769659934876,NO
2544.9061535554533,860.9942956080721,NO
2544.880589940085,860.0137645093369,NO
2544.698299676301,859.1185008044949,NO
2543.9994541461892,858.000386489601,NO
2543.5367444450308,857.33485715538,NO
2542.827734702772,856.0750706065207,NO
2541.7366654293123,854.2044715518099,NO
2540.8755870152795,853.083192715863,NO
2539.9953569610566,852.0033808537191,NO
2539.443789246365,851.3379845232654,NO
2538.842421267413,849.0037077350019,NO
2538.8574939760006,847.9924109213458,NO
2539.9505364328056,845.9517428602693,NO
2541.9133571733387,844.7784727775628,NO
2543.764196373783,843.7142026868603,NO
2544.076969713764,843.0569942434472,NO
2544.647301334053,841.9550055171694,NO
2544.703397806045,841.006978875373,NO
2544.6838753311936,840.0055786708892,NO
2544.7177510890438,838.9795231171995,NO
2544.813376940971,837.9787762006526,NO
2544.929237595684,836.9912587617822,NO
2545.083225252629,836.0182769173381,NO
2545.2588050114978,835.0487162389819,NO
2545.345512621043,833.9769658262958,NO
2545.1048864127115,832.964832202564,NO
2544.8462779289785,832.0912334317145,NO
2543.7375904100745,830.0424409984525,NO
2543.6147039094967,829.0105767555494,NO
2543.760177947504,827.9487439128517,NO
2544.982636355103,825.9830716550625,NO
2545.52184460209,825.3987333379624,NO
2546.5510030212326,824.6159182521702,NO
2546.8527027163473,823.946985675424,NO
2546.908129013741,823.0158461429108,NO
2546.7088020650367,822.1553291529268,NO
2545.7056304642892,820.035786100515,NO
2545.6176470588234,819.0,NO
2545.6055111115875,818.0100555991481,NO
2545.580456301911,817.0106942511615,NO
2545.6039738615664,815.9774808672813,NO
2545.7957203227716,814.951533644311,NO
2546.668503242427,812.8792858410085,NO
2546.886418474576,811.9800222219691,NO
2547.0599065790852,811.013390882642,NO
2547.236057362761,810.0367821116176,NO
2547.371671462126,809.0304162264024,NO
2547.470350403737,808.0510939009743,NO
2547.539539210859,807.0027246200199,NO
2547.3917479364886,805.9347745607747,NO
2547.095720498334,804.9622804386685,NO
2546.845512172726,804.0679354521728,NO
2546.675662336891,803.713100497946,NO
2545.7489128247453,802.2129659167067,NO
2544.7892905935496,801.1467335621502,NO
2543.927033958536,799.0094426635961,NO
2543.8252473459747,798.0130978316914,NO
2544.8062399829605,795.8615300915212,NO
2545.713863373475,794.7393381598569,NO
2546.038666056666,794.0220456795851,NO
2546.3949636912644,793.0704670890012,NO
2546.533812003615,792.0273632088616,NO
2546.2442539228928,790.9278917750821,NO
2546.0120460832163,789.9962222343377,NO
2545.8081987374308,789.0263256629809,NO
2545.6857363904214,788.0263696021576,NO
2545.436510795279,786.8732710550653,NO
2544.994748728686,786.0047261444355,NO
2544.5120855575246,785.6584476200612,NO
2543.9510794425246,785.0795672866471,NO
2542.7970343053144,784.4820435404664,NO
2541.9522151427127,784.1562693973661,NO
2539.925555049189,783.1533565918628,NO
2538.6883424623697,782.2577777420419,NO
2537.923079233425,781.0395993011025,NO
2537.5118477385377,780.3107734433855,NO
2536.7881518020217,779.2033742672586,NO
2535.73251205916,778.3775973094496,NO
2535.010040017853,777.9855344477476,NO
2533.903355539264,777.2095174509891,NO
2532.5794408696906,775.0222648948941,NO
2532.535491930082,774.0100188013045,NO
2532.665028690175,772.9392162516717,NO
2534.8736202700225,770.6782722463271,NO
2536.959714261719,769.8431623877578,NO
2539.0350867643265,769.0898475028124,NO
2539.946952725053,768.8474890827233,NO
2541.924626354861,767.9014532251061,NO
2542.8371832999483,766.8980958926729,NO
2543.047485294565,766.0078518994684,NO
2542.9778313501383,765.0070237305532,NO
2542.7384102776687,764.1389599172662,NO
2541.952406573012,763.0370295971942,NO
2540.7195589059374,761.0544385672712,NO
2540.601566031405,759.9773439514526,NO
2540.6823533523243,758.9676124987524,NO
2540.725490196078,758.0,NO
2539.967166365151,756.0286127482082,NO
2538.981509837848,755.017538287842,NO
2538.0123679171697,753.9898476849439,NO
2537.5536187210505,753.2400705973313,NO
2536.7970094999037,751.0611519493175,NO
2536.3520556771996,750.3367792474028,NO
2535.6575309283303,749.5282423598211,NO
2534.9619697142307,749.1975921390818,NO
2534.0028921700223,749.122917222049,NO
2533.011735634205,749.1662548193494,NO
2532.0046157017373,749.214000721266,NO
2531.0055704186807,749.2367427864366,NO
2530.0,749.2490196078431,NO
2528.9778135858196,749.1663981026005,NO
2527.9997986671915,749.0008593055762,NO
2525.9283020259895,748.3317788533832,NO
2523.670563044693,747.4659074731182,NO
2522.4765876285987,746.4047368152155,NO
2521.882502353321,743.9856314522285,NO
2523.826233449377,741.6346206091886,NO
2525.967203684847,740.8239355681933,NO
2526.9655234610614,740.66824462831,NO
2527.9862004572424,740.5860136895008,NO
2529.0,740.5666666666667,NO
2530.0,740.5666666666667,NO
2530.9904318654058,740.5563864779873,NO
2531.9899724240945,740.5350851076594,NO
2533.0100275759055,740.5350851076594,NO
2534.0095728783476,740.5561665403193,NO
2534.990427358858,740.5561775380345,NO
2536.0,740.5450980392156,NO
2537.009567896513,740.5563975162831,NO
2538.0,740.5666666666667,NO
2539.0,740.5929118267034,NO
2540.0176753882743,740.6891569559516,NO
2541.00575239258,740.7743292148936,NO
2542.0,740.843287444505,NO
2542.9837393447037,740.8616366005587,NO
2543.9113381177626,740.7629933320517,NO
2543.9041742665295,739.1658243744505,NO
2542.988942061858,739.0311753913959,NO
2542.010027003179,738.9391217665445,NO
2539.8964258811206,738.4319565871256,NO
2538.9880531261592,738.0159910024116,NO
2537.7893795215405,736.0242380706832,NO
2538.9649344881836,733.9560106305369,NO
2539.982272431233,732.9777196050655,NO
2540.537488934421,732.5689047761186,NO
2539.9291989728154,731.1169166386046,NO
2538.7082311480463,730.2781074386362,NO
2537.996534584711,727.9998573064387,NO
2537.96964894061,727.0027537449572,NO
2537.7953157941224,726.0863017281222,NO
2537.568389040199,725.7276798951594,NO
2536.917761503981,724.0098363692188,NO
2536.978951904992,722.9948586409137,NO
2537.6209693699557,720.9463039917953,NO
2537.7085373847112,719.99428504661,NO
2537.761157819947,718.9826722331286,NO
2537.889888633987,717.9804536041889,NO
2538.042960136512,717.007586214438,NO
2538.638323439674,714.8791534146175,NO
2539.687171139407,712.8293660827981,NO
2539.9588637224356,711.9857540341465,NO
2540.103290361476,710.9967209406977,NO
2539.9223508200525,710.0323401440462,NO
2539.5801266161584,709.2079954018203,NO
2539.693111523166,705.8990498411198,NO
2539.9434072334143,704.9842611835783,NO
2540.1362737547392,704.0296483818817,NO
2540.1922076198184,702.9750628827743,NO
2539.975840737766,702.0090326252761,NO
2539.718645292743,701.0849372749079,NO
2539.106240881125,698.9781268776056,NO
2538.9518720308047,698.0069832739929,NO
2538.834227021488,697.0156021628148,NO
2539.4744633902465,694.4905409674666,NO
2540.667934104819,693.609255800161,NO
2541.6280491885877,692.6987847043785,NO
2541.986995334055,691.9928774019115,NO
2542.2830907152825,691.0823213557974,NO
2542.6055947925197,689.9666699805973,NO
2542.6798347153435,688.983050073348,NO
2542.7701117835686,687.9743066110439,NO
2542.892452684398,686.9837624646171,NO
2542.964705882353,686.0,NO
2542.858619642604,685.0346782008298,NO
2542.58679083368,684.1922255094574,NO
2541.9274528801766,683.052840810717,NO
2540.885552229763,680.9837836483584,NO
2541.093940349418,680.0387705363886,NO
2541.399236975267,679.0775257659327,NO
2541.5468710341497,678.0095252336837,NO
2541.408827988878,676.9413549085349,NO
2541.156611663796,675.9539377439392,NO
2540.905959859728,675.0465595900997,NO
2540.0513129587557,672.9964699956505,NO
2539.990809939009,672.0005766312821,NO
2539.951101863553,671.000862908331,NO
2540.036172123488,670.0064542418781,NO
2540.205167502579,669.0550249804102,NO
2540.447360535534,668.0683207542335,NO
2540.612229825601,666.9749701472512,NO
2540.5921466731666,666.0345779649401,NO
2540.331374458064,664.922151111488,NO
2540.1512442720045,663.9734502162491,NO
2539.9967344027377,663.0005378630797,NO
2539.8249793526365,662.0448950763355,NO
2539.151153597714,659.9658881052643,NO
2539.063017075771,659.0013753726575,NO
2539.107480392845,658.0080557294164,NO
2539.0727596841457,656.9894603859902,NO
2538.8802369792957,656.0467305615836,NO
2538.488511754377,655.3048113277351,NO
2537.7914273589336,654.2240473899943,NO
2536.618085671023,653.4945301084066,NO
2536.0053878364806,652.9939396847049,NO
2534.853177611521,651.0233547254562,NO
2534.7456195828468,650.0189538356296,NO
2534.6752559163187,649.0186486692066,NO
2534.57660655279,648.0557212127754,NO
2534.264192346505,646.9317436192773,NO
2534.051008389147,645.9859976969733,NO
2533.8869717951793,645.009308204586,NO
2533.862912612038,643.9938176274994,NO
2533.9492541249447,642.9936318901877,NO
2534.0515734194746,642.0053595906998,NO
2534.032137403184,640.9951697287562,NO
2533.822599259706,640.0930041763819,NO
2532.973027285133,639.0258264656059,NO
2531.970850193061,638.0286049496883,NO
2530.751778567544,636.0546928583198,NO
2530.581970628565,635.0237702969124,NO
2530.576462549497,633.9775774293327,NO
2530.6461895138227,632.9736376491787,NO
2530.8150426694974,631.9611952247719,NO
2531.0283193773585,631.0090510949706,NO
2531.241057286578,630.0304293220145,NO
2531.257081240714,628.9709253349537,NO
2531.1478858081787,627.9816236571821,NO
2531.0730307243302,626.9982295582632,NO
2531.9687206951335,624.9759300505959,NO
2532.9285158056123,623.9373935336405,NO
2533.7523794810472,621.9844154922924,NO
2533.712730825368,621.0425583959212,NO
2533.156422682748,619.9186321467135,NO
2532.8789116995113,619.0817239114294,NO
2531.939304430043,617.0044294597342,NO
2531.815572880236,616.0418570964816,NO
2531.5909331921343,615.1013850908967,NO
2531.049034581656,612.9924044472887,NO
2530.925768034837,612.007423196961,NO
2530.7269951846088,611.095852212944,NO
2529.804999188855,609.0037538151927,NO
2530.000546268027,608.0001853216962,NO
2530.7427473891207,605.9258573272022,NO
2530.8666389928067,604.9915800580676,NO
2530.7610358929765,604.0833109829688,NO
2530.583944676679,603.7425445525056,NO
2530.0096787816656,602.9904265657801,NO
2528.770152176623,600.995187632625,NO
2528.9204985951496,599.9812937875952,NO
2529.0345588548607,599.0006776246228,NO
2528.9036664098426,598.0310161318828,NO
2528.61344616651,597.1833043910266,NO
2527.7118580889223,595.0440687642504,NO
2527.6248000762266,593.9838149051283,NO
2527.748962649061,592.9586526715208,NO
2527.88814947335,591.9826741344115,NO
2527.9800593225473,590.9991007145313,NO
2527.9272997154576,590.0109157442486,NO
2527.7204274101173,589.1329436084652,NO
2526.6675494605015,587.0580158802167,NO
2526.6403799442683,585.9471146970493,NO
2527.1889196063776,584.0881060045451,NO
2527.390175321505,583.7472651736666,NO
2527.748242100965,582.9486048646506,NO
2527.848563202738,581.9933896636295,NO
2527.8496022900727,581.0077127027423,NO
2527.752197370745,580.0464314498884,NO
2527.428365605014,579.273523974544,NO
2526.849208050914,578.1331995586236,NO
2525.600734469057,576.0670181196994,NO
2525.378960851997,574.9614231475674,NO
2525.235757886985,573.9627995455893,NO
2525.046398232187,572.9885369075934,NO
2524.8426285758187,572.0426851857919,NO
2524.475648579668,571.2449781084426,NO
2523.8783740343833,570.1076608970787,NO
2522.845533888878,569.2663786524172,NO
2520.878849667422,568.26360851329,NO
2520.550953404858,564.7860012343189,NO
2520.9436878248657,563.97405050286,NO
2521.546108502471,561.978958672726,NO
2521.0204867412795,560.9767068567172,NO
2520.0796583549786,560.5034993036522,NO
2519.009918754538,560.389120369099,NO
2517.9818468458548,560.3703243335173,NO
2515.5603209456895,559.3702957492272,NO
2514.926438788638,557.0004327129943,NO
2514.870560268638,556.0139591869628,NO
2514.6875923972525,555.1122988080785,NO
2513.859672756117,553.016883554087,NO
2514.9098495448625,550.8692498726766,NO
2516.9175442600663,549.8326129458153,NO
2517.924355079389,548.946124717828,NO
2518.21700172111,548.0702131240859,NO
2518.486756208527,546.9957947628332,NO
2518.2310693504514,545.9294223299992,NO
2518.0147079267717,544.9959087623615,NO
2517.8324208920603,544.0216867067236,NO
2517.750980392157,543.0,NO
2517.8297448489507,541.9779669818369,NO
2517.952785431774,540.991853172631,NO
2517.9212092157745,540.021271809187,NO
2517.6768853525614,539.3131385684002,NO
2515.9089583221325,538.2524089525589,NO
2513.882105093835,537.1761750385535,NO
2512.649281540174,536.4599334023256,NO
2511.752229553733,533.9893118630225,NO
2512.9269861458683,531.8877343384185,NO
2514.89407767075,530.754502948673,NO
2516.798239407236,529.6938945534272,NO
2517.6817444783583,528.7796014428217,NO
2517.885331292021,527.985317551387,NO
2517.8110842014403,527.0652696550126,NO
2517.4726236443303,526.3132295875249,NO
2516.792001894821,525.1749631118129,NO
2515.7439081023854,523.0381627127018,NO
2515.5918512256458,522.0539530671738,NO
2515.31735304204,520.9324303836958,NO
2515.1169261042696,519.9709414418081,NO
2514.9737998240507,519.0016979176115,NO
2514.9298063180195,517.999572857905,NO
2514.9539150960604,516.9991270058263,NO
2515.029570937343,516.0033629694206,NO
2515.126264503158,515.01170499267,NO
2515.192794665643,514.0068855233623,NO
2515.1759338005454,512.9888956964811,NO
2515.0382889160114,511.99234221691404,NO
2514.8303535142895,511.0646879699922,NO
2514.690676197226,510.6900428459443,NO
2513.8459138780795,509.07533099271177,NO
2512.896628872002,507.02234775631763,NO
2512.6579049524407,506.11174341642976,NO
2511.99064996696,505.00746204552365,NO
2511.4660240646567,504.53604164700965,NO
2510.9983124184255,504.00192900962656,NO
2509.911730400534,503.13926199145595,NO
2508.8921324002235,502.05241546850544,NO
2508.1073652127193,500.94148465254943,NO
2507.813180543623,500.1091137345358,NO
2506.9162818947607,497.9925251690856,NO
2507.083636122187,497.02671013900493,NO
2507.317797002619,496.0848534128223,NO
2507.5940339488534,494.9681595253408,NO
2507.686804256506,493.96806631643244,NO
2507.7938951898245,492.97575237609203,NO
2507.8933369240676,491.9895428356146,NO
2507.950468339768,490.99807404322985,NO
2507.9564201690437,490.0,NO
2507.9743300104024,488.99945603450675,NO
2508.021466383873,488.00105850019094,NO
2508.070066487054,487.0030224759347,NO
2508.116813113817,486.006184223606,NO
2508.128146187317,484.9962309946171,NO
2508.005950880792,483.9988098238597,NO
2507.7910331258076,483.0918152591917,NO
2506.8676426395177,481.02793340796387,NO
2506.65879711386,480.0842300010276,NO
2505.9133627277924,478.0434130135071,NO
2505.3969619206596,477.3526859051155,NO
2504.843168720634,476.08038049624633,NO
2503.932440042131,474.00936274551594,NO
2503.7437894666377,473.09558406573143,NO
2503.003067396298,471.99736311542085,NO
2502.5030805861384,471.551238543118,NO
2502.0003413764457,470.99962534173216,NO
2500.7228297491324,469.09718145618365,NO
2499.88626126843,467.0153088030846,NO
2499.794939408933,466.0096499103928,NO
2499.7554792873993,465.0067123333657,NO
2499.669019671377,464.0549946912901,NO
2498.8911968986235,462.0700513103659,NO
2497.925183369961,460.0025086445367,NO
2497.894105739057,459.00332217276383,NO
2497.8349646382744,458.0152091417791,NO
2497.6934485367938,457.0704938995033,NO
2496.8656846349386,455.0718849799993,NO
2495.8911721116096,453.02232366920117,NO
2495.6550547085917,452.1139551443916,NO
2494.7059234478534,450.1425599525487,NO
2493.7340429095216,448.12346928988273,NO
2492.9900437428205,447.0065426829649,NO
2492.482103478232,446.4065399318971,NO
2491.773304007477,445.1446212932956,NO
2490.924227487233,444.07320059955504,NO
2489.8964854087676,443.1250533480429,NO
2488.8809810304074,442.09908022811226,NO
2487.775272651197,439.98305627209334,NO
2488.8474280564064,437.9010247554406,NO
2489.4664940473485,436.68117810948456,NO
2489.877362113672,435.94440788412385,NO
2490.027759455215,434.9987615476937,NO
2489.8407348474484,434.0885235910718,NO
2488.99325589345,433.00515725809873,NO
2488.587825880281,432.3086327878418,NO
2487.7699973454696,431.24607604022896,NO
2486.629258587893,430.51283171327333,NO
2485.9689444651963,430.0541637849178,NO
2484.819604321088,429.3520253239245,NO
2483.9789650265984,429.0735076721703,NO
2483.0046417424237,428.9240850521884,NO
2480.8967533697314,428.38105883937754,NO
2479.9691364387863,428.1490269130992,NO
2479.0294954030937,427.92491378977377,NO
2476.9694960056145,427.15781148220805,NO
2476.025850821917,426.9341917707372,NO
2475.1084728266724,426.6467877724071,NO
2473.9541065870135,426.2863981354655,NO
2471.9763524215564,425.02555066023973,NO
2470.6182241218467,423.0529921933903,NO
2471.020677270337,421.0198369744715,NO
2473.0020184134823,420.0063083745394,NO
2473.9743052405693,419.8154320193437,NO
2474.960503960789,419.6852659376112,NO
2477.0014757407685,419.0032427461116,NO
2477.8572689813013,418.6972372324589,NO
2478.538840598395,417.7824719829555,NO
2478.6118223169287,417.12040897738603,NO
2478.4612907299843,416.803158685379,NO
2477.8426485984924,415.0108625227587,NO
2477.873188360311,413.9799902744238,NO
2477.7828568861055,413.06503803346055,NO
2477.49809774435,412.5079276295702,NO
2476.9511734956436,412.13640905321137,NO
2474.9383447897976,411.1117343374827,NO
2473.7687832991624,410.33120229859713,NO
2471.9685525119307,409.03851963774366,NO
2470.9575333180474,408.036881733739,NO
2470.024081886933,406.9828959039881,NO
2469.6261348720113,406.2772353595395,NO
2468.7411508308323,405.28200205336907,NO
2467.6145241466397,404.4266135784288,NO
2466.6424494328016,402.0112172722626,NO
2466.6336408629422,400.9928164873213,NO
2466.5979326590063,400.0212052068497,NO
2466.077117450371,398.94019264308736,NO
2465.7507769358435,398.34368663819123,NO
2463.9196494452704,397.1317870887182,NO
2462.778491079372,396.2426409453927,NO
2461.8280072573707,395.1066895667583,NO
2460.9577007214143,394.0362490735882,NO
2459.9798781389436,393.0207735819713,NO
2458.9390396049325,392.0846953929184,NO
2457.8917977236392,391.09177001138346,NO
2456.7334866753617,389.03416837567227,NO
2456.109811291048,386.9624979845397,NO
2456.8625445901544,384.8689378629246,NO
2457.918365150634,383.90070073309937,NO
2458.934109085612,382.9341090856117,NO
2459.874464503547,381.90116725423474,NO
2460.1072307206737,381.0004830212558,NO
2459.866756060553,380.144189722834,NO
2457.962479367678,379.05634631712553,NO
2456.738586629182,377.06351336363855,NO
2456.0674154155886,374.9883020390429,NO
2455.9532995683553,374.00261000413076,NO
2455.8667282401193,373.01622670181,NO
2455.710922096109,372.07906404208995,NO
2454.7597873473733,370.23709807036136,NO
2453.6985236290825,369.4277969368803,NO
2453.0031437714033,368.99560684609645,NO
2451.919790871595,368.1187210850934,NO
2450.810960319526,367.1786394364942,NO
2449.9060120858617,366.05458093145984,NO
2448.78715582591,364.11009181541596,NO
2447.8136618368135,362.0139661735767,NO
2447.7231386004005,361.03474339133044,NO
2447.6100184042216,360.03594478582227,NO
2447.449392707596,358.94759404073017,NO
2447.1363212632414,357.94508120917385,NO
2446.8616649476876,357.09685167093784,NO
2445.93641515656,356.0634099205475,NO
2444.8817325404702,355.21328147862283,NO
2442.8633944730595,354.30369328455976,NO
2441.5342230780184,353.4876102120595,NO
2440.6285498229427,352.2857308989828,NO
2439.8348873044015,351.1104798216869,NO
2438.930758865422,350.0692411345781,NO
2437.882536254227,349.1836214900344,NO
2436.450890845085,348.34200140218815,NO
2435.958751792484,348.0637472306206,NO
2433.9594893154162,347.1378450819339,NO
2431.911886181436,346.22076343305844,NO
2430.563301647383,345.5236755986434,NO
2429.509413341877,344.4742640316276,NO
2428.7027424366484,343.1964790495706,NO
2427.8070216909264,342.2766267034346,NO
2426.712594809687,341.16958690970887,NO
2425.9189997354833,340.0601876954227,NO
2424.8795651442024,338.0092642200921,NO
2424.8245766942387,337.0027680207365,NO
2424.760039013678,336.0280906717893,NO
2423.872613462361,334.1882278732947,NO
2422.63308475136,333.58274776232713,NO
2421.982310148801,333.0238812978786,NO
2420.887662058341,332.19158047026326,NO
2419.737613007015,331.2403091145145,NO
2418.8462818497883,330.12478296955055,NO
2417.8716777287336,329.17530728449805,NO
2417.0595986558587,328.8915735288145,NO
2415.9696644656688,328.0468821900263,NO
2413.9739358253623,327.0580362298202,NO
2412.806307500613,326.4137515198664,NO
2411.9982066967063,326.0026052549011,NO
2411.0141506221808,324.99009125131596,NO
2410.606193159983,324.21543866014156,NO
2409.9034915119405,323.06545893598485,NO
2408.9706368672837,322.0292073609933,NO
2407.935516747443,321.0850055621359,NO
2406.883557465813,320.12452372026223,NO
2405.8884018986164,319.12033187409065,NO
2404.8046541897975,318.3784235193611,NO
2402.854835732533,317.25038401480066,NO
2400.9193996799872,316.21469643780597,NO
2400.0224548297715,315.94594207763936,NO
2397.986238767118,315.0295821736541,NO
2396.8408319646255,314.3281129826265,NO
2394.919038780663,313.1179720631933,NO
2393.7336500450756,311.05326999017535,NO
2392.92225613638,309.0624009094477,NO
2391.953852950584,308.0480778919766,NO
2390.9334202584214,307.0756008577794,NO
2388.9405130300947,306.1558489013437,NO
2387.6559697584084,304.1679389382901,NO
2386.9314414671703,303.0543340866356,NO
2385.959242741439,302.04452671527235,NO
2384.618489239631,300.04637973961934,NO
2384.5357150054997,298.9899860101261,NO
2384.596826571647,297.9683785545799,NO
2384.7691705195416,296.95447150224584,NO
2385.6127942131757,294.90264791981383,NO
2385.0115955099145,293.980814701875,NO
2384.0113636746,294.0208753214622,NO
2383.124521528603,294.18393537304314,NO
2381.1888254355417,295.4478482436557,NO
2379.041078312499,296.37866735917623,NO
2378.0,296.45514612304413,NO
2376.9904239322173,296.44398133350666,NO
2375.989340281322,296.4181889622176,NO
2374.946069124486,296.24857231380594,NO
2372.9296752353466,295.0936212014063,NO
2370.958427561556,294.37637902650164,NO
2368.837443231515,293.36520206317743,NO
2367.9935652696213,293.01383257685626,NO
2365.9756869459825,292.04887268841327,NO
2363.9579161641414,291.27516353353656,NO
2362.978707060105,291.117342614807,NO
2362.0276732350376,290.91494300311285,NO
2361.0990189200675,290.6619211349671,NO
2359.9593478756315,290.3076213042957,NO
2358.9850499031645,290.03405872651746,NO
2356.956904017131,289.0866290405598,NO
2354.95455119549,288.2916777874211,NO
2353.9926633261066,288.01633632747337,NO
2351.945097898716,287.25155144085926,NO
2350.984960873018,287.06071351245953,NO
2350.0517110239475,286.84486692328437,NO
2349.081246547235,286.57241102021317,NO
2348.0,286.4294117647059,NO
2346.9809793200257,286.40418944003284,NO
2346.0100674694313,286.394954568759,NO
2344.98777092299,286.3898018447672,NO
2343.96733219935,286.306714345057,NO
2341.9024018404516,285.1117790847068,NO
2340.783398677385,284.4509193628867,NO
2339.982865353825,284.0315776430774,NO
2337.9933276754887,283.34028854121027,NO
2336.977589843049,283.2857295005946,NO
2335.9835892458477,283.2080062968699,NO
2335.0047771363706,282.9877670745158,NO
2332.9653512486516,282.33341250996097,NO
2331.966026181977,282.1672303443995,NO
2331.0261375948826,281.9367638840724,NO
2330.1147942941902,281.6354068599831,NO
2328.972117621572,281.29276498116076,NO
2327.974547371015,281.139436141764,NO
2325.9279533144863,280.10437983181413,NO
2324.8704451349026,279.13553973600597,NO
2326.887305893486,275.7322877471276,NO
2329.0015874921023,275.0151945673804,NO
2329.972229839765,274.9015161380563,NO
2330.8871493280117,274.6614479946706,NO
2331.584097148614,273.6474465917057,NO
2329.998605211339,273.01640079041795,NO
2328.9954608913913,272.97296859319385,NO
2328.0329293494688,273.0773340785634,NO
2327.199517663878,273.63099488210673,NO
2325.0160662857324,274.0625589877056,NO
2324.1838465144256,274.310241010558,NO
2323.1657486161175,275.2574628558446,NO
2321.050240053057,276.32028033038915,NO
2320.013858689731,276.4417457522571,NO
2318.9763068727507,276.43155338366114,NO
2317.8984623123465,276.6637484076784,NO
2316.9708596148357,276.91646423411794,NO
2316.0095258043375,277.0975908978596,NO
2315.0245619412453,277.1957279692527,NO
2314.016606267856,277.29204127063224,NO
2313.003236519938,277.33012503063304,NO
2312.0228598545377,277.36612052194613,NO
2311.0347508462396,277.4401773878924,NO
2309.9497256741975,277.5824674706833,NO
2308.95711713833,277.72265368876884,NO
2307.9922628882105,277.80425107515555,NO
2307.001778745497,277.81856796095957,NO
2305.9992773141303,277.8157150977837,NO
2304.9979246877415,277.8235984532481,NO
2303.9993388311364,277.8314019348116,NO
2302.996366179441,277.8455626311218,NO
2301.9955808248837,277.87479003043427,NO
2300.999584622888,277.8940788333575,NO
2300.001520715697,277.88920499954963,NO
2299.0058458982116,277.8647286297394,NO
2296.937915433061,277.20866689803717,NO
2295.997620099515,277.0758593308827,NO
2295.004510049861,277.08518983162514,NO
2294.0,277.11176470588236,NO
2292.9954749593044,277.08242038304525,NO
2290.719052544131,275.07016467789373,NO
2289.9831829283244,273.01003048723595,NO
2289.662660341831,272.30132474881196,NO
2288.6433353343864,271.5607356699076,NO
2288.9351361442505,267.8913678297489,NO
2290.960642998164,266.92223818275704,NO
2291.930429899322,266.83976434096826,NO
2293.806956649582,265.7284837370959,NO
2293.8931669189565,264.3487193018637,NO
2293.0209946226487,264.30932077538216,NO
2291.0067219327034,265.04574648455997,NO
2290.0678581367497,265.259527618581,NO
2288.0644921357184,266.2275477140307,NO
2286.047771461195,267.09094683229637,NO
2283.9624897359568,268.1916433549476,NO
2282.9988578491693,268.08321384600544,NO
2281.99916958782,268.0705850372345,NO
2280.9997538259195,268.06277439232747,NO
2280.001387535641,268.07076431582897,NO
2279.0058897266017,268.1072771617271,NO
2278.008835061389,268.1609243303845,NO
2277.008617385053,268.2092793651107,NO
2276.0072089899613,268.2451056669011,NO
2275.0,268.2607843137255,NO
2274.0042120335393,268.26851712074676,NO
2273.009138752207,268.29129773787054,NO
2272.0049457995406,268.3152947002901,NO
2271.0,268.3235294117647,NO
2270.0134107378126,268.34197381167127,NO
2269.0220092229843,268.38705876008646,NO
2268.0,268.41960784313727,NO
2266.9680011545033,268.3626535750601,NO
2265.9632134793014,268.2316188285918,NO
2264.986635990749,268.10326735070066,NO
2262.756013619609,267.41706043806386,NO
2261.9957229339384,267.00642745780925,NO
2260.925665321662,266.10840474283395,NO
2258.9393863301398,265.4424320784011,NO
2258.0122025143846,265.3744646482291,NO
2257.0630220377366,265.46380282019135,NO
2255.961369834973,265.65511268132474,NO
2254.9658127843136,265.83583685618686,NO
2254.013323900144,266.04271359387104,NO
2253.062173878819,266.27575265321826,NO
2252.055065364157,266.4977267289943,NO
2250.9749422025493,266.61881772527244,NO
2249.9858691833983,266.6737065933803,NO
2248.9893731845814,266.7147538961067,NO
2247.981983883975,266.7812328646875,NO
2246.984592960274,266.93562991038954,NO
2246.0543969331743,267.14801776834474,NO
2245.117072049281,267.4806708131844,NO
2243.9655890141253,267.7850375378198,NO
2242.99303902893,267.9769011377785,NO
2242.073949484627,268.2111099174553,NO
2239.966517440445,268.8006802909016,NO
2238.9912770334668,268.94296522060773,NO
2238.0093156267562,269.0730918420527,NO
2237.0118551096384,269.17274588698564,NO
2236.002121842396,269.21642792233484,NO
2235.0084272492454,269.2387720770899,NO
2234.0579755871213,269.33667748998613,NO
2232.923567407141,269.67367818000747,NO
2231.9750705838323,269.86094924895565,NO
2231.0015788501482,270.0098196783915,NO
2230.0085308624357,270.1243068552835,NO
2229.007494894319,270.18201887404985,NO
2228.0150928510316,270.23325314312564,NO
2227.033917646741,270.3247362911677,NO
2225.910575848098,270.6156942467076,NO
2224.965989616691,270.8526216768351,NO
2224.025682709461,271.0723921949557,NO
2221.975206634411,271.8626614689595,NO
2220.9981043241964,271.9731445925462,NO
2220.0004954812625,272.0210579529938,NO
2218.9996789189117,272.02729189323946,NO
2217.999808618182,272.0035929227995,NO
2215.9446039713766,271.13312916736453,NO
2215.0077810396674,270.9341205314747,NO
2214.010081904425,270.8405798891816,NO
2212.998124663335,270.809465785039,NO
2211.995273506389,270.827820591893,NO
2210.9987855683335,270.84515995350887,NO
2209.996009892046,270.86433632501513,NO
2208.9960080649616,270.89820565727786,NO
2208.0,270.91764705882355,NO
2207.0098084624724,270.87799229087136,NO
2206.023718566837,270.789445706362,NO
2205.0343938098263,270.6794237548603,NO
2204.031766384171,270.57468338580475,NO
2202.952063408754,270.63020345007345,NO
2201.967206884026,270.9187158052057,NO
2201.086662503916,271.17566723672155,NO
2199.0809879893673,272.2005210614813,NO
2197.0323882785524,273.0728550982131,NO
2194.982760724518,273.94828217517795,NO
2194.032963134126,274.1648156731351,NO
2193.0645651089467,274.36045776812546,NO
2191.930798615286,274.68954607507413,NO
2190.975736195943,274.85832169339045,NO
2189.998598136859,274.9874570140314,NO
2189.016178416887,275.1100132335063,NO
2188.0442815039955,275.2509285226425,NO
2186.9067652691365,275.5297726580053,NO
2185.9449474808252,275.7752401227418,NO
2184.991892995979,275.9605563069899,NO
2184.0283426447204,276.1363655596425,NO
2183.041455708342,276.30641175450364,NO
2181.919066833323,276.5321667976874,NO
2180.9529589875356,276.7034630060132,NO
2179.9851981499796,276.81201649982114,NO
2178.99812526802,276.99341240007755,NO
2178.076845017105,277.2140523489096,NO
2176.0091563755495,278.02779613906415,NO
2175.056334695732,278.2620338689048,NO
2173.9234429340568,278.5939146669185,NO
2172.9589363723558,278.88234579042773,NO
2172.0419989135526,279.11653545355745,NO
2169.9845071303716,279.96370651886093,NO
2169.076363436542,280.22538785673896,NO
2166.979432763915,280.89116504740497,NO
2166.00696470405,281.0455384481312,NO
2165.093596971206,281.2491290302539,NO
2163.0061513425553,282.04788583467587,NO
2162.0921962264515,282.23730052665803,NO
2160.014355979363,283.0593295796029,NO
2159.146228885952,283.3182139983289,NO
2156.9995486166254,283.99603093938055,NO
2156.007967435262,284.0923498205727,NO
2155.006838653128,284.158532412233,NO
2153.993198642188,284.15766783900716,NO
2152.9915269001535,284.05469975946403,NO
2152.009391093667,283.9285155578178,NO
2150.994058786807,283.88346082254446,NO
2150.0027073071037,284.0128280810816,NO
2149.0544200336526,284.19860299531257,NO
2147.9132432317742,284.5830363314039,NO
2146.9588403734606,284.7909091031497,NO
2145.9912165155793,284.9154796789784,NO
2145.000063604551,284.9675616772359,NO
2142.8159194236728,284.2169888396673,NO
2141.881260060172,283.0791599627208,NO
2140.8404855628555,282.3658325014929,NO
2140.030318337141,282.2079278862567,NO
2138.001213575479,283.00268780345687,NO
2135.9997508490505,283.99947228827244,NO
2134.0087803573883,285.0173599160233,NO
2131.991439694371,285.9816456427386,NO
2131.1130981318147,286.2880057040082,NO
2129.0128343875754,287.11196896729473,NO
2128.103244762388,287.2941501810271,NO
2126.170485614882,288.296021336912,NO
2125.027110351491,289.0506535495774,NO
2124.3112465988042,289.50266322570553,NO
2123.07693463175,290.14374628026803,NO
2121.9967210529603,290.99608801315907,NO
2121.436270076126,291.5668542765745,NO
2120.1248795310635,292.2244530710468,NO
2118.998351145878,292.99654178368564,NO
2117.0053669171507,294.0104005563395,NO
2114.981793382232,294.9541462931595,NO
2114.012795684031,295.1579174675436,NO
2113.118854469228,295.33821931568986,NO
2111.087973670393,296.21968844345207,NO
2109.084067674673,297.19988431244894,NO
2107.0383171998806,298.12819356782296,NO
2106.221341392502,298.48888176424975,NO
2104.0604388958186,299.167963911673,NO
2102.920169322732,299.8063055697899,NO
2101.123435227693,300.3479355447978,NO
2099.1145403080122,301.22047665040753,NO
2097.1734116283496,302.31246057903996,NO
2096.019627279814,303.0416098336995,NO
2093.984842457818,303.9586612471629,NO
2093.1102344812753,304.22848098383923,NO
2091.1891277100317,305.31662004674314,NO
2090.0377246375706,306.0701043088567,NO
2089.3060406616073,306.56671141934794,NO
2088.0475765973156,307.11093355052526,NO
2087.2525386436673,307.5561863074382,NO
2085.0634920902844,308.2474175904018,NO
2083.927216595494,308.6192868143068,NO
2082.964585629901,308.8208032987324,NO
2082.003141950556,309.01242166469535,NO
2081.0297916943387,309.1973216179554,NO
2080.032514086454,309.3320377966377,NO
2079.058901243031,309.4588596767175,NO
2077.936018561007,309.78463197913624,NO
2077.0271263713935,310.05192762444085,NO
2076.2409334840004,310.48648762106365,NO
2074.115098391469,311.353487212288,NO
2072.0262216197566,312.0833413266198,NO
2071.079727122224,312.3408517456054,NO
2069.965096537433,312.6238182277091,NO
2068.984801342449,312.70421074710794,NO
2067.9797216759644,312.7845428089335,NO
2066.9854759370996,312.9350031717334,NO
2066.0647861266716,313.1541701964309,NO
2064.9276798331375,313.824479146414,NO
2064.0451402265744,314.0933606104109,NO
2063.283044279916,314.55000647605794,NO
2061.6591429800947,315.3570197090011,NO
2060.118479690143,316.2019370713218,NO
2059.0077093920663,317.0133931793028,NO
2058.237407334424,317.4156093957999,NO
2057.0357764010023,318.0818128639582,NO
2054.985659956886,318.9236987013758,NO
2054.032632639355,319.1120463349092,NO
2051.984254363357,319.95921210110885,NO
2051.0997638881977,320.22197465015176,NO
2049.0816174409597,321.21977433869534,NO
2047.025620180868,322.07140050761603,NO
2044.9768006828074,322.9423462502697,NO
2044.0388719402517,323.17700616508733,NO
2043.0756077343947,323.4033820378847,NO
2041.0926439159584,324.15377370809574,NO
2039.1726392530193,325.29036577045036,NO
2037.201942540964,326.4038850819279,NO
2035.21452241187,327.38951366754293,NO
2034.040619140863,328.07831232628513,NO
2033.2967562664448,328.55179347409637,NO
2032.038282718512,329.10205286001076,NO
2029.9887044054135,329.9700577078016,NO
2029.0721676086962,330.2183013999171,NO
2026.9742751270965,330.8345792886924,NO
2025.9984673868523,330.9920241565008,NO
2025.0165054323986,331.1357704919494,NO
2023.987135385773,331.174541526985,NO
2021.9422461976455,330.1086469961508,NO
2021.0007134314537,329.90903748436637,NO
2020.0200709485982,330.0597277486726,NO
2019.1543622505117,330.3315781406179,NO
2017.1345500989155,331.31922669798223,NO
2015.0782404306428,332.17144695526184,NO
2014.721108226774,332.4126867129031,NO
2013.0814602870296,333.1676456516899,NO
2011.1217480210137,334.22855423748405,NO
2010.0117441769921,335.01889648663155,NO
2009.3146227689801,335.4458847402257,NO
2008.1101151870726,336.18692941218967,NO
2006.2206445540558,337.3871687370258,NO
2005.0428673876895,338.0868339391661,NO
2004.2955803632697,338.5797922495369,NO
2003.0841737163114,339.1449002353851,NO
2001.1722492854872,340.2765338073563,NO
2000.0543679883265,341.08411279452895,NO
1998.1141789434662,342.2461190631032,NO
1996.1000446760236,343.21941338786394,NO
1994.0827624943456,344.20420510945235,NO
1992.0436507135232,345.1177031472016,NO
1991.2248100763568,345.5258949696115,NO
1990.0683334720088,346.0991414411181,NO
1988.155866338415,347.3140361060494,NO
1986.1893258469922,348.39513651569223,NO
1985.0278295050268,349.0529152537282,NO
1984.2472946105966,349.48343799326835,NO
1983.0568761138634,350.1093962871307,NO
1981.939342976709,350.86172643128396,NO
1981.0725320125025,351.1313985763563,NO
1979.1130918747556,352.21953128758906,NO
1977.0886497466959,353.274473242787,NO
1975.01044884194,354.0284916496431,NO
1974.1244030530954,354.3213745675237,NO
1972.1508855851273,355.2844564234265,NO
1970.134120473253,356.34132455591276,NO
1968.0574672794357,357.1470719141741,NO
1965.9926909321105,357.9793366124606,NO
1965.0899933250357,358.23546926073567,NO
1963.066626541668,359.1371722884613,NO
1962.669143960872,359.25664808838894,NO
1961.0480211561744,360.0993726439653,NO
1959.9368810530764,360.8719427133344,NO
1958.0391921819628,361.37713231358936,NO
1956.9904913225444,361.4408568728137,NO
1955.9723120033202,361.3922466230485,NO
1955.0267436847043,361.4086769362746,NO
1953.9211188937484,361.70450886632136,NO
1952.9975221057064,361.99469179998954,NO
1952.2168462144857,362.3081498908353,NO
1951.1293776514608,363.1512101312568,NO
1950.0875960022363,364.108730275501,NO
1949.0192886979771,365.0283890064832,NO
1948.37188661208,365.5111393235031,NO
1947.1760737829795,366.2483778521621,NO
1946.0549911944981,367.0959046429939,NO
1944.021553149421,368.0605600032285,NO
1943.135772918409,368.363214184438,NO
1941.0329672865741,369.1085126615322,NO
1938.9801986062344,369.9540922890394,NO
1938.1219157624314,370.2311612947554,NO
1936.0831044731917,371.2155001336827,NO
1934.003943935437,372.0140695001611,NO
1933.066095580372,372.23549608825004,NO
1930.9908341115927,372.9736967555258,NO
1930.104538182285,373.2328820854076,NO
1928.1727781684756,374.3012150446782,NO
1927.0529957663548,375.07735959312095,NO
1925.1445435150245,376.324655331443,NO
1923.175831899013,377.3608696577407,NO
1921.0023459480096,378.0217533357037,NO
1920.0059420132177,378.1044974768124,NO
1919.0031406078035,378.14561000112366,NO
1918.0039625717293,378.16840929316027,NO
1917.0099877059095,378.2037491944747,NO
1916.0357022904575,378.289188561823,NO
1913.9971319653926,378.99425770959607,NO
1913.2280112751992,379.3197608235717,NO
1912.1160527272323,380.1578479452087,NO
1911.0396819206694,381.05823821166695,NO
1910.3630374528152,381.60062738782057,NO
1909.112669706777,382.18884720056735,NO
1907.09579476547,383.25122515536367,NO
1905.061705191317,384.1289425654723,NO
1904.6538994697125,384.3888012018836,NO
1903.1713226466,385.28185340346477,NO
1902.0718121174139,386.0937249398462,NO
1901.0436691415448,387.04816158103154,NO
1900.015192422888,388.01835326220623,NO
1899.3434584204474,388.46467905563657,NO
1898.1590526391453,389.21542573411466,NO
1897.07299829374,390.1092957948332,NO
1895.0001641731903,391.00111637768106,NO
1894.0646662507045,391.1952964024653,NO
1893.699432196284,391.37389413126726,NO
1892.0590943088205,392.13491921243116,NO
1890.9781962869886,392.97583912913973,NO
1890.4003647177267,393.4061776411411,NO
1889.3380180557272,394.36378350466725,NO
1888.306118452204,395.31239779357225,NO
1887.2606982574075,396.276418758642,NO
1886.231834370708,397.24152519745564,NO
1885.2168313541872,398.22023530492226,NO
1884.2662829626304,399.23289822757414,NO
1883.4278152863783,400.34567475165596,NO
1882.995727344942,400.9966224687705,NO
1882.037859859944,402.034279233603,NO
1881.0119882553727,403.01629276313776,NO
1880.331916802592,403.48009393045453,NO
1879.089238418737,404.17149295872,NO
1877.9933053941413,404.9906944976994,NO
1877.3298543908436,405.48498779935215,NO
1876.0593059424593,406.1458694858953,NO
1873.9961522318317,406.9771207570686,NO
1873.0576735961156,407.1690182059003,NO
1870.9997350481362,407.9986884224537,NO
1870.0625784080687,408.19742750017446,NO
1868.0021260948188,409.00918842705744,NO
1867.0368516760855,409.1879435523165,NO
1866.0427947721064,409.3520215115512,NO
1865.0078134774847,409.44276370323126,NO
1863.979150920915,409.42532120064544,NO
1862.9366967155447,409.47012806227,NO
1861.926262062981,409.7671300096728,NO
1861.0178095736371,410.0373715760616,NO
1860.2992152199422,410.407680723984,NO
1859.2158263390722,411.22339919437405,NO
1858.2413166942033,412.2160290281691,NO
1857.2770062917232,413.28359049409397,NO
1856.1921347788054,414.2380279320898,NO
1855.110424209797,415.1545938869215,NO
1853.0454803230696,416.2319496529383,NO
1851.9837166040738,416.34602215536705,NO
1850.9697247852644,416.2662130891003,NO
1850.036195555052,416.28775466439276,NO
1847.994730564718,416.98463610411403,NO
1847.101599465052,417.236358014553,NO
1845.114537616337,418.2235962058044,NO
1843.2159721714909,419.33626046380726,NO
1842.1164039544726,420.1399085957879,NO
1841.0821194505731,421.0971195934791,NO
1840.019565572069,422.0287688893561,NO
1839.2150418455667,422.4890890730634,NO
1837.0018789605358,423.0435577211885,NO
1836.0025856027696,423.082416091469,NO
1835.0307612573115,423.174920529251,NO
1832.989141083481,423.97318394836043,NO
1832.1161091297213,424.24531326294334,NO
1830.1114308837978,425.23378636223015,NO
1828.1657091558322,426.2967700321534,NO
1827.0252230888307,427.04560334632066,NO
1826.368095176963,427.51864199212173,NO
1823.9854570401208,428.39831551232953,NO
1821.8786781854494,427.24691122501497,NO
1821.0352327885794,427.1520490559025,NO
1820.240486942553,427.3727026953747,NO
1819.148653019049,428.153548778115,NO
1818.1855838950637,429.158925437735,NO
1817.259952257347,430.22314486060657,NO
1816.397030014385,431.34436276662,NO
1815.601353092406,432.5040753890327,NO
1815.0236843955956,433.02063621026565,NO
1814.0458593759802,434.04221492395754,NO
1813.0715847052509,435.06312981826636,NO
1812.122354874408,436.10489912960657,NO
1811.122461093172,437.1427361145367,NO
1809.03166072052,438.20970088265625,NO
1808.0056015983278,438.31742389025476,NO
1806.884871982859,438.5308802418669,NO
1805.9532808462484,438.90666528183795,NO
1805.132964741356,439.19630620729055,NO
1804.1009938618558,440.0992089854426,NO
1803.113563626122,441.10925946147637,NO
1802.1232650030383,442.1148486176032,NO
1801.163012609124,443.13953156450657,NO
1800.2293577051432,444.1985534606456,NO
1799.208770144262,445.236230643018,NO
1798.1174625555846,446.165891965076,NO
1796.1342815666437,447.32137050763436,NO
1794.2300555269762,448.35688099876467,NO
1793.0780534557614,449.1228567023362,NO
1792.0094566630237,450.0117788614042,NO
1791.4876372634312,450.54061996709294,NO
1790.3722080017294,451.43070826698465,NO
1789.1855269900805,452.27222872170387,NO
1788.0795030423894,453.1086809293629,NO
1787.0334465363296,454.0383765181881,NO
1786.0184554528007,455.0188534140769,NO
1785.0063127161675,456.0074672542843,NO
1784.3100384115983,456.5056937240075,NO
1783.0876652781878,457.159341294698,NO
1781.1530447795253,458.2760333527458,NO
1780.0193541848703,459.0362793016765,NO
1779.218971143311,459.44443470160235,NO
1777.0956990160344,460.2947785850077,NO
1775.0103914061597,461.05311163202043,NO
1774.0558475534706,461.23561435808267,NO
1772.0086139555249,462.0197182019839,NO
1771.138615943367,462.34023913670535,NO
1769.077183263893,463.19865920630275,NO
1767.0252241158673,464.0670394962427,NO
1766.1244449932817,464.3811671902419,NO
1764.0169167509684,465.0767760231755,NO
1762.0056123227564,463.99574310634006,NO
1761.5570802490372,463.5599910494645,NO
1761.030779878841,463.39818417359726,NO
1760.44925996543,463.55405497099343,NO
1759.3739344570854,464.3647822118627,NO
1758.479693728396,465.4329365902103,NO
1758.0026273882534,466.00224338534997,NO
1757.10180019141,467.06122167129746,NO
1756.3970323403757,468.22464380951,NO
1755.9970337661573,468.99797047155874,NO
1755.0522522783444,470.0454967054849,NO
1754.1047482417932,471.08254107750207,NO
1753.1859888114782,472.15235795628615,NO
1752.2006144806212,473.2137265376073,NO
1751.0860912513165,474.1443946246857,NO
1749.0840546655033,475.2063960146173,NO
1747.0318876456467,476.10945219388657,NO
1746.020515996302,476.31706538491386,NO
1744.9583281866849,476.22852286262116,NO
1743.0147362590792,474.98824829953674,NO
1742.4884839798183,474.259782808336,NO
1741.6650161186756,472.16564119827905,NO
1740.8869725925488,471.0947765271961,NO
1739.8920138944682,470.4206820799105,NO
1739.3713222715505,470.54579899017887,NO
1739.1451362731962,471.04462639170725,NO
1739.1016790498581,471.96687640408885,NO
1739.9011737341673,474.0261598930008,NO
1740.0838736171706,474.97852017048865,NO
1740.8674924413308,477.0319845842477,NO
1741.0178127981892,477.99842209463077,NO
1740.2663734900416,480.12763729804516,NO
1739.0392699450895,482.0351938256391,NO
1738.0178237683865,483.0237929187514,NO
1737.2940751952608,483.5624389288409,NO
1736.050355378038,484.1124046575888,NO
1734.9192075695883,484.7965801507659,NO
1733.0283074942058,485.2033355111609,NO
1731.9913276703028,485.2764305197867,NO
1730.9849955966831,485.23188622395185,NO
1730.0576476379943,485.2990670267435,NO
1727.9869948409614,485.9270388533613,NO
1727.0210287113027,486.09575574361156,NO
1726.097936064385,486.3148186859754,NO
1724.1168480690876,487.2195327219366,NO
1723.0074200441873,488.0120543174316,NO
1722.244709301127,488.43358685063845,NO
1721.0509524305953,489.10039356433487,NO
1719.955284770064,489.93246775553723,NO
1719.1756392857183,490.2472205712669,NO
1718.0600239352611,491.0957138410756,NO
1716.2657459311906,492.3569486910889,NO
1715.1202269029868,493.1802284156479,NO
1714.0292939456199,494.04366644395617,NO
1712.942712649131,494.8883884367775,NO
1712.0375266899819,495.1371479094185,NO
1709.9723168809712,495.9167833728859,NO
1709.0521612137545,496.15229787127777,NO
1708.3313486863779,496.5828338257995,NO
1707.0891211688763,497.1510882295686,NO
1706.0182598749411,498.0216753918585,NO
1705.021336725747,499.01851313928336,NO
1704.0539206645071,500.05317487285726,NO
1702.0516266471268,501.23300522878446,NO
1699.9658635173466,501.86509261401767,NO
1699.0035782396171,502.0274331690243,NO
1698.1052898830499,502.22709581828735,NO
1697.0111733424708,503.0144535900713,NO
1696.353262984594,503.51347294406486,NO
1695.1929017634448,504.2254865096692,NO
1694.272437429227,505.2118957828592,NO
1693.0679033186486,507.0492259511877,NO
1692.0728139332116,508.0810810200262,NO
1691.0207873925965,509.0298520603407,NO
1690.3529377182324,509.5543746257008,NO
1689.1624882029096,510.2256611876479,NO
1688.0518045856898,511.0827922763559,NO
1686.9823858112607,511.97729907105287,NO
1686.2942698590346,512.3860057848552,NO
1685.1637270063986,513.2290908908147,NO
1684.0514670871664,514.0797457116483,NO
1682.1866271867357,515.3554114568494,NO
1680.0621252924695,516.2117509926068,NO
1677.9767419316297,516.8443259967086,NO
1677.000032295376,517.0001698004295,NO
1676.0256951485621,517.1560062587903,NO
1674.990717257443,517.2691995502068,NO
1673.9939592080755,517.0115253660383,NO
1673.0834284437967,516.7074724058483,NO
1671.9172318230821,516.7189658610024,NO
1670.9890147491785,516.9649111890384,NO
1670.070993266813,517.1951300613176,NO
1668.101403276609,518.1545984363023,NO
1667.0159602868243,519.0248090169515,NO
1666.2420507719125,519.4783536374932,NO
1665.0382133281282,520.0829383430173,NO
1664.2731013517127,520.5432342205172,NO
1663.0621015795336,521.1129119585989,NO
1661.9810449246568,521.9758650097878,NO
1661.3860185796616,522.3792817655716,NO
1660.5017920246219,523.4554453416135,NO
1659.4268625431844,524.4992998192059,NO
1658.2484292062516,525.3251641004513,NO
1657.1270134371987,526.1757057459182,NO
1656.0774975807317,527.0892880235419,NO
1655.0322457535162,528.0426782047773,NO
1653.2194914597608,529.3254199558143,NO
1651.051104904367,530.3461505547498,NO
1648.695801671672,528.258986303609,NO
1647.9789164234915,528.1010636673936,NO
1647.1296043393168,528.1813552849596,NO
1646.1350969838331,529.0958910846695,NO
1645.2716791856885,530.207121756434,NO
1644.4931202229152,531.3933319903058,NO
1644.0168579278654,532.0120130108573,NO
1643.1868431980727,533.103562048608,NO
1642.9085326997124,533.9500906702413,NO
1642.0941230586068,535.0511247646539,NO
1641.438943893176,536.2303136895134,NO
1641.0178109569567,537.0116495497607,NO
1640.0169651403392,538.0258877738231,NO
1638.0313901194852,539.0534839323064,NO
1637.462848538874,539.5456031754346,NO
1636.3459469084542,540.3947089494202,NO
1635.1461111002016,541.2282985981038,NO
1634.069664805875,542.0774923073379,NO
1633.073284373427,543.0715600358752,NO
1632.0513943312062,544.0607387541995,NO
1631.0089492260788,545.0113643100319,NO
1630.4356491822455,545.5471159036172,NO
1629.3050331159345,546.3380692093453,NO
1628.3212310696733,547.306114302563,NO
1627.367943986436,548.3614546775423,NO
1626.2404279124653,549.3276799677049,NO
1625.0496164466833,550.1126781164454,NO
1623.0053191186187,551.0159258811299,NO
1622.055117459025,551.2485206822267,NO
1620.918731810009,551.5978481461207,NO
1619.9608718735146,551.8900270780207,NO
1619.074149932809,552.1446163903784,NO
1617.9839078604082,552.976931956251,NO
1617.277357619761,553.3600210582958,NO
1616.1051037986197,554.1704225418388,NO
1615.01058944957,555.0159192397766,NO
1614.2907822774935,555.4931895534314,NO
1613.0562383152412,556.1232011444785,NO
1611.9284702520017,556.8280711681249,NO
1611.0288420118575,557.0765915635477,NO
1609.005342542837,558.0120108763978,NO
1608.1744663708257,558.3386700159596,NO
1606.201295343834,559.390565249162,NO
1604.0163556991627,560.1208899492254,NO
1603.0066858066036,560.2131100937289,NO
1601.980282776842,560.1571216220041,NO
1600.9936770952,560.0537446926152,NO
1600.0139430754662,560.0732011492504,NO
1599.1377194586237,560.2944347013031,NO
1597.2379543845886,561.2664275609966,NO
1596.226415091213,562.2299863032792,NO
1595.1218376097804,563.1771985266645,NO
1593.0040927518387,564.2070932488256,NO
1592.1054849343402,564.3537314341183,NO
1590.9975613163094,564.9966583861009,NO
1590.3019025938645,565.4244507664536,NO
1589.1500705327117,566.1860275326092,NO
1588.1406726383,567.1329433808265,NO
1587.1491690238636,568.1478922649538,NO
1586.1600696248865,569.1541411124119,NO
1585.2229683402134,570.1865909494774,NO
1584.516391534916,571.3503238020708,NO
1584.023185453184,572.0154231460896,NO
1583.1939200598993,573.1117997091765,NO
1582.278628035092,574.5698861746497,NO
1581.346906269098,576.1932192382301,NO
1580.029184663279,578.0304501250658,NO
1578.0986374625315,579.2221225338328,NO
1576.990480298145,579.9856219668982,NO
1576.2111337067265,580.3846972481972,NO
1574.1916229958608,581.4233027746025,NO
1572.0415613548844,582.1695703270956,NO
1571.0163930639224,582.3483526002301,NO
1568.7572334107754,581.3404776336108,NO
1567.9990331430151,581.1691999684708,NO
1567.2581234143224,581.3330298018413,NO
1566.4520381422276,582.2644972747519,NO
1566.0474901867153,583.0240048859047,NO
1565.2040813945293,584.1572055549777,NO
1564.2312103490635,585.2367341456642,NO
1563.2833409629454,586.2695434801975,NO
1562.2040327180982,587.2659348726377,NO
1561.0648131551395,588.0939790712098,NO
1560.0071993327558,589.0089109126615,NO
1559.3305471199405,589.5285560058331,NO
1558.1334153463847,590.1896688404453,NO
1557.0874772808381,591.0967271429618,NO
1555.5599823695175,592.3634899304751,NO
1554.173985542858,593.2595751989116,NO
1553.1132753165098,594.1204188085782,NO
1552.1277727277286,595.1168909774856,NO
1551.1571071670144,596.1409600401179,NO
1550.2055013805227,597.1852490584648,NO
1549.2087837415884,598.2133723909478,NO
1548.2295166129138,599.210275686369,NO
1547.2611253038724,600.2497366573774,NO
1546.2399028847105,601.2475797896791,NO
1545.265249020426,602.2473761999433,NO
1544.309823304636,603.3016700624903,NO
1543.3698826244995,604.3448482622072,NO
1542.4926555519644,605.43278422716,NO
1541.9915773719797,605.9922334062701,NO
1540.9971384252326,606.9969348658493,NO
1540.4625836811058,607.5363700297081,NO
1539.2553570674713,608.3564576058869,NO
1538.0984484882729,609.1599538297701,NO
1536.0802633026485,610.241802688566,NO
1534.043812372087,611.0949268082654,NO
1533.3521586883128,611.6003119450005,NO
1532.1712744731308,612.215553700942,NO
1531.1035544263877,613.1275035035915,NO
1529.531680248253,614.3250355622179,NO
1528.2504313841616,615.3263495690389,NO
1527.1025714808222,616.1670687538368,NO
1526.0177922473947,617.0231243106284,NO
1525.5423004510124,617.5616299700114,NO
1524.4868897074666,618.5551546602261,NO
1523.1767472026247,619.325811108985,NO
1521.1060816547988,620.3004548850154,NO
1519.086275123957,621.1670754583147,NO
1518.0002151856577,622.000293557822,NO
1517.3338277504536,622.4504917526169,NO
1516.1497237548394,623.2284322867106,NO
1514.0370622361997,624.2362717499819,NO
1513.03303234771,624.3743665999134,NO
1511.910046333121,624.7111388915129,NO
1511.0102110362368,625.0167342392864,NO
1510.3324309174852,625.501032257432,NO
1509.162454288044,626.238220777085,NO
1507.2340570863005,627.3955894366181,NO
1506.1444145923053,628.1569120106582,NO
1505.1087743585808,629.1377076086457,NO
1504.0100628441676,630.01651338468,NO
1503.2995270773026,630.4244362571337,NO
1502.1879825673027,631.2195275961845,NO
1501.171859443161,632.1755897196543,NO
1500.1872548524866,633.168747101071,NO
1499.197147706622,634.1977451253268,NO
1498.1437759916914,635.1698754491524,NO
1497.0915575684674,636.1090367443326,NO
1496.07688512887,637.0748564958475,NO
1495.092585572509,638.0889163919277,NO
1494.0856808031147,639.0909756819044,NO
1493.0529835369996,640.0651436964783,NO
1492.0104459176307,641.0122664917888,NO
1490.9938842057843,641.993737816918,NO
1490.534040758868,642.5340407588682,NO
1489.993575499737,642.993709169256,NO
1489.002823793934,644.0026926240483,NO
1488.012891944321,645.0121316500713,NO
1487.028888659902,646.0271131715261,NO
1486.026108982715,647.0293179079256,NO
1484.1591692805114,648.2753013739137,NO
1483.0523629291836,649.0719362873717,NO
1482.0106781814322,650.0121078963105,NO
1480.9840788037877,650.9802105424906,NO
1480.2733893140835,651.3962996597145,NO
1479.1051054410177,652.1580335306273,NO
1478.0325838092556,653.0442356137179,NO
1476.2722738845432,654.32103936127,NO
1475.2762548530936,655.2644800437445,NO
1474.1973584273255,656.2632723020051,NO
1473.067239641262,657.1053045379774,NO
1472.0058209891663,658.0067255456518,NO
1471.5034142136947,658.5790839538811,NO
1470.2153703486708,659.3486488776015,NO
1469.0345172132054,660.0779102815976,NO
1468.2404707688224,660.4900898904223,NO
1466.6176956711752,661.3549232048954,NO
1465.1850681185226,662.279416559352,NO
1464.0464575915184,663.0839090101216,NO
1462.9408486150942,663.8823251630689,NO
1462.0978578759466,664.1591124176197,NO
1460.484497191151,665.3450485136354,NO
1459.1604239895287,666.2524705517121,NO
1458.0633959926297,667.0864117168403,NO
1456.9966063378706,667.9950571784666,NO
1456.2668641808964,668.4097427830266,NO
1455.1874889587887,669.192770340167,NO
1454.1939963298996,670.1893287416681,NO
1453.1546110614656,671.177570677866,NO
1452.0771735680376,672.1067294064469,NO
1451.006844175907,673.0104608310406,NO
1450.2245869659082,673.4399126166696,NO
1449.0529606513473,674.0909476035065,NO
1447.2188977237265,675.3274420574961,NO
1446.0442896636896,676.0980625230902,NO
1444.0158941102488,677.0364859861157,NO
1443.2350101843092,677.3949936118573,NO
1441.6376748734092,678.286069393777,NO
1440.0923634764197,679.1687889709153,NO
1438.197928641752,680.3218491773873,NO
1437.0639203950998,681.0984965576333,NO
1435.2169472950236,682.3695038396829,NO
1434.0634822282004,683.1007038227392,NO
1432.2110435585068,684.3615781049954,NO
1431.033509754698,685.0749517654413,NO
1430.2679138062047,685.5047756120483,NO
1429.1628748140981,686.1791894893275,NO
1428.1737292081384,687.1640476992527,NO
1427.2844443158021,688.2066051254916,NO
1426.0983839065202,690.0571584855601,NO
1425.2649231236346,691.1964598449349,NO
1424.356972730055,692.3257225954648,NO
1423.3422083388732,693.3646482284809,NO
1422.277136336958,694.2964489765454,NO
1421.1664662527564,695.2273314243073,NO
1419.5977992963813,696.380552198104,NO
1418.240845465502,697.3243756970004,NO
1417.1040187588922,698.1549056348662,NO
1416.0337363063857,699.0440446190108,NO
1414.9927558025574,699.9916910935899,NO
1414.4564487106477,700.507776297751,NO
1413.2393662960103,701.3331785536652,NO
1412.0854968383558,702.1352519021011,NO
1411.0075302373023,703.0099585928166,NO
1410.4179638614378,703.5262262610432,NO
1409.202645663057,704.2658079463525,NO
1408.2087966702127,705.1850559349831,NO
1407.2699240057887,706.2534863396019,NO
1406.215632988808,707.259687040934,NO
1405.1507481047663,708.1695298430784,NO
1404.1222610606424,709.1388715775514,NO
1403.0373401161605,710.0591944772525,NO
1401.9523421951494,710.9296557763593,NO
1401.191847984974,711.2476583133074,NO
1400.1052322617813,712.1373429410036,NO
1398.5249616444153,713.3626478426477,NO
1397.2610962936888,714.3314486159937,NO
1396.1575595805677,715.1952253328435,NO
1395.072485037192,716.1036195486482,NO
1394.004460276782,717.0059423749829,NO
1393.429488611346,717.5111269289446,NO
1392.3859021283488,718.3697104217456,NO
1391.364702342141,719.369857141844,NO
1390.3337309623498,720.3430173805954,NO
1389.3147457114326,721.3212242032571,NO
1388.3793644270966,722.3416167397118,NO
1387.4475598470585,723.4314315856456,NO
1386.5098058567312,724.4799817265181,NO
1385.5222230060976,725.5447061820188,NO
1384.3327732047237,726.4298035824837,NO
1383.1568450201312,727.2178719828145,NO
1382.0908593475328,728.1040312682619,NO
1381.0504416233766,729.0637197522342,NO
1379.1708394492116,730.3356391098821,NO
1377.227056931937,731.36686277774,NO
1376.146411493123,732.1549577789333,NO
1375.1013366311913,733.1210409745769,NO
1374.0451720656013,734.0586892052959,NO
1372.237948107809,735.3424131246875,NO
1371.1605122418716,736.1688188215892,NO
1370.1836856142459,737.1730217272394,NO
1369.148513240083,738.1711079694572,NO
1368.0731980169953,739.1055669840251,NO
1366.9963460530053,739.994900922954,NO
1366.3350867286304,740.445601608209,NO
1365.136136277505,741.2105394656951,NO
1364.0556186636998,742.0688163094951,NO
1363.0230555047287,743.0257295519095,NO
1362.0110037702857,744.0111500969958,NO
1361.002694671996,745.0028579855567,NO
1359.9848531645152,745.981497417596,NO
1359.2596282699703,746.4096617421593,NO
1358.053343106376,747.1103691506944,NO
1356.0066249769677,748.0244539610558,NO
1355.0870465030828,748.2605742726405,NO
1353.105848973696,749.1877822786199,NO
1352.0202934971423,750.0270161100796,NO
1350.9369736935435,750.8700710510353,NO
1349.6781771589058,751.3970242193833,NO
1348.2345654449314,752.3121382644749,NO
1347.1528551166311,753.1851745680532,NO
1346.1000555353762,754.1210671921883,NO
1345.0467295537817,755.0545296302128,NO
1344.0945980159481,756.0660702673331,NO
1343.2067813872882,757.1729718728108,NO
1342.1133337878982,758.1689395005612,NO
1341.0249233197048,759.033061547101,NO
1339.992507374805,759.9919286337182,NO
1339.4974406325466,760.5088979910361,NO
1338.4740972931017,761.4885459735154,NO
1337.402566983888,762.4530852168647,NO
1336.1906820103623,763.288747025406,NO
1335.0711229850701,764.098386798064,NO
1334.0327530623597,765.0363512881246,NO
1333.016046086041,766.0163888594375,NO
1332.00707199148,767.0081272099375,NO
1330.9613749055493,767.9419964435348,NO
1330.1674204253636,768.2538516277958,NO
1329.1411923603016,769.1329561373575,NO
1328.1443281628965,770.158205866449,NO
1327.1370280259532,771.1391136818232,NO
1326.0782472406868,772.1028355789377,NO
1325.0222572329221,773.0276228146884,NO
1323.96926125318,773.9597351859328,NO
1323.2787881092536,774.3427900211664,NO
1322.2444615080294,775.2477428581619,NO
1321.1260737864584,776.182207183274,NO
1320.0272281493376,777.041651210548,NO
1318.9369184211655,777.8795715302111,NO
1318.0842074467216,778.154526822245,NO
1317.0040991672136,779.0049844905261,NO
1316.5293865118658,779.5376100245829,NO
1315.4651284009424,780.4958956244973,NO
1314.3537737430372,781.4311170226672,NO
1313.1909891242715,782.2686144920349,NO
1312.0738434933633,783.1073261322124,NO
1311.0038469943408,784.0052054644792,NO
1310.287578730555,784.4648625520779,NO
1309.1516271318794,785.1903404390603,NO
1308.1198932562786,786.1350499391524,NO
1307.0448525584302,787.0661277568078,NO
1305.2123633070646,788.298007773466,NO
1304.138786337369,789.1585800728401,NO
1303.0583066910851,790.0837716526231,NO
1301.1710539559865,791.2933923261586,NO
1300.1393060698829,792.1282379127368,NO
1299.0942980180112,793.1331461515185,NO
1297.146782038036,794.2832756230154,NO
1296.1507268468677,795.1184141637893,NO
1295.2592170246542,796.2179959780682,NO
1294.1942766980844,797.2553248285088,NO
1293.0480623532185,798.0818805996709,NO
1291.9800374911617,798.9742022962405,NO
1291.2729925403814,799.3721612486895,NO
1290.1315049603436,800.1907818245305,NO
1289.0388830364138,801.0564602986665,NO
1287.2322512792377,802.3536898579356,NO
1286.0873783085758,803.1261447335888,NO
1285.1100362657683,804.081729327364,NO
1284.1976945001431,805.183073029745,NO
1283.1463986648696,806.1679422792392,NO
1282.0927109197255,807.1165464499811,NO
1281.00943459612,808.0149823448577,NO
1280.284013650566,808.4356589461895,NO
1279.132251837965,809.1814842851335,NO
1278.040475645398,810.0654861946881,NO
1277.3606581632907,810.6283044927648,NO
1276.1884073818594,811.2259571053693,NO
1275.137361372513,812.1612699292115,NO
1274.0587788882208,813.083715383113,NO
1272.9914798895772,813.988833892484,NO
1272.3360489240843,814.433454387532,NO
1271.1777732468684,815.2532563364589,NO
1270.0608552728168,816.0902486943472,NO
1269.020947121203,817.0213969907196,NO
1268.0201196487578,818.0199599680002,NO
1267.0527952037794,819.0437368731945,NO
1266.0863915420794,820.0805012107846,NO
1265.120082158868,821.1083499934778,NO
1264.1639408206581,822.1469986190397,NO
1263.2115675722284,823.1903111774839,NO
1262.1227602114614,824.1620769386883,NO
1261.0318685355942,825.048102422196,NO
1258.9826067129325,825.9323436643092,NO
1258.1136667550186,826.1838314152702,NO
1257.0383495195445,827.0495920486451,NO
1256.0064042956694,828.0065259512506,NO
1254.9991489697313,828.9990664599027,NO
1254.4059663618573,829.5524397260618,NO
1253.0970003999792,830.2014623702128,NO
1251.148161070831,831.3027022788548,NO
1249.1073446074713,832.3191227805448,NO
1248.006532440548,833.0086362857642,NO
1247.3952516864538,833.5563144652375,NO
1246.0913344346677,834.1820241588064,NO
1245.0115253435472,835.0134693773348,NO
1243.9920033527028,835.991640383723,NO
1243.4783818688525,836.5419014556014,NO
1242.2726647462632,837.3588290820534,NO
1241.2030786186403,838.2237790775578,NO
1240.1079037083257,839.1397678891668,NO
1239.0488355117866,840.0580631531863,NO
1237.9974397119597,840.9965971889213,NO
1237.3471091633564,841.4850125899401,NO
1236.1475840576463,842.2152510511827,NO
1235.0668187030471,843.0848250434434,NO
1233.9963411744916,843.9944731122848,NO
1233.2769054273451,844.3997069548607,NO
1232.212120844338,845.2235290108657,NO
1231.2026872263289,846.209321836479,NO
1230.1534961414905,847.1805990156986,NO
1229.0568253089766,848.087597134763,NO
1227.9792374406327,848.9715227577796,NO
1227.2832337941136,849.3604793718423,NO
1226.2511735893743,850.2422753210922,NO
1225.2597216051504,851.2563649417119,NO
1224.2261579877973,852.2516732446495,NO
1223.1547279983247,853.2022495895162,NO
1222.058532250707,854.0838928457315,NO
1221.0065163024988,855.0076165804029,NO
1220.4919874105651,855.5916573067296,NO
1219.2562210886658,856.3615027186974,NO
1218.0879745161199,857.1360498085617,NO
1217.0386012442834,858.0410203961619,NO
1216.0132854038166,859.016662025708,NO
1215.3218340695823,859.5916456465503,NO
1213.1698750629698,860.3676132103058,NO
1212.1913705788543,861.1441692558433,NO
1211.2048655312053,862.2635148941282,NO
1210.0529808853773,863.0913121779932,NO
1206.4203136676851,863.373533598834,NO
1205.6955269471093,862.6367942817751,NO
1205.0141535938517,862.3709957079856,NO
1204.3885538780999,862.6123283513276,NO
1203.4587733160147,863.4363941252651,NO
1202.3464901215868,864.3235517585523,NO
1201.1834457047498,866.1428004229042,NO
1200.4074333339993,867.2246389261815,NO
1199.2198762746011,869.1507806563275,NO
1198.3787362007263,870.2892801168704,NO
1197.1185356494534,872.0810870507777,NO
1196.2669717351682,873.1874482466189,NO
1195.574102125211,874.4138875737353,NO
1195.0128703080088,875.0105099542083,NO
1194.1176518904342,876.0778448614799,NO
1193.0933998932173,877.1281991492478,NO
1191.1576017952852,878.3432583450885,NO
1190.054061744715,879.0668385212961,NO
1188.0834083518798,880.2463712109727,NO
1186.1065600978561,881.199262597656,NO
1185.03275746729,882.0360469179951,NO
1183.146746064587,883.3184540899605,NO
1182.036168411491,884.0484387920736,NO
1181.013003484299,885.0128241257296,NO
1180.0051719127223,886.0059849642652,NO
1179.401401930134,886.5702158329768,NO
1178.2255205613717,887.2735754231562,NO
1177.2112229886059,888.2051880490832,NO
1176.2061488033492,889.2035393173942,NO
1175.2346247565017,890.2227825022436,NO
1174.1239338679181,891.175536236309,NO
1173.1616910003306,892.1202746787886,NO
1172.243107865336,893.2328965431196,NO
1171.277724583544,894.2375613212649,NO
1170.4261850101955,895.3584469922525,NO
1169.5041253816087,896.50801822671,NO
1168.9880430093806,896.9886798665624,NO
1168.0077904694845,898.0069536416764,NO
1167.0995541198786,899.0663694108752,NO
1166.2600777174841,900.1938761205371,NO
1165.4798326420664,901.3354169887857,NO
1164.9918054857885,901.9937242016084,NO
1164.0425678278614,903.037790890935,NO
1163.0498515278045,904.0509164465312,NO
1162.025360336647,905.0310542366618,NO
1160.1475758972813,906.2477705538269,NO
1159.1133914665127,907.1080443021551,NO
1158.074304314542,908.1027184837437,NO
1157.0007314398563,909.001017344626,NO
1156.3160911238297,909.4819094306869,NO
1155.1083238147246,910.1656358518276,NO
1154.0468273903618,911.0537352590138,NO
1152.1218748237966,912.293501300214,NO
1151.0084385488067,913.0126019388886,NO
1150.3123235766298,913.4720184624184,NO
1149.1200074717913,914.1818294932701,NO
1148.0302170683199,915.0455888168608,NO
1146.9639135771897,915.9511293364318,NO
1146.202318065179,916.2948292994437,NO
1145.065504720651,917.1014680954244,NO
1144.0134969313392,918.0148127879919,NO
1143.0129052239624,919.0129052239624,NO
1142.0013438555316,920.0014638091432,NO
1140.963152882494,920.9424141526667,NO
1140.130099596766,921.2554249056514,NO
1139.0217627293484,922.0317627939667,NO
1138.3751078841126,922.6041814208661,NO
1137.1591333397178,923.2336764591821,NO
1135.1846220263667,924.3971296734067,NO
1134.049613701645,925.0736837163105,NO
1132.0838117141957,926.1807908618904,NO
1131.0138312972977,927.0149839050007,NO
1129.055034375685,928.2997682592186,NO
1126.8787801628034,927.2265219191538,NO
1126.1089868387178,927.1443523101133,NO
1125.5228622553186,927.4994995927589,NO
1124.122190946954,928.2818274973824,NO
1123.0101215498394,929.0142239723964,NO
1122.4961507682867,929.5744346986125,NO
1121.452827107925,930.4220445977253,NO
1120.4608189087062,931.4505974018629,NO
1119.9888080144306,931.990666411111,NO
1119.1128013015823,933.0662065964528,NO
1118.326528149278,934.2202166489885,NO
1117.483035502916,935.4363737545928,NO
1116.2452091287048,936.3607251771288,NO
1115.1596848767608,937.1805482243889,NO
1114.1933900220524,938.1717069037862,NO
1113.2633372753319,939.2278404150213,NO
1112.459514258965,940.3296832349852,NO
1111.9907968989585,940.992617042169,NO
1111.0001621835324,942.0001878898418,NO
1110.3753216500445,942.5148217145509,NO
1109.2150211844728,943.2726306335852,NO
1108.168962904371,944.1809731902373,NO
1107.116158148975,945.1448583205669,NO
1105.2023890270227,946.3792429846203,NO
1104.204572957563,947.1616479468585,NO
1103.3091816856445,948.2852450272052,NO
1102.2910608627387,949.3091267032828,NO
1101.2496967089721,950.2722387717535,NO
1100.2408255626187,951.2455709003654,NO
1099.2161110191082,952.221688082785,NO
1098.276549364276,953.2369218712527,NO
1097.3622279997999,954.3261854287999,NO
1096.4102394556296,955.3901226230462,NO
1095.4859099957068,956.4526404732159,NO
1094.9929404785148,956.9938525160724,NO
1094.05220068403,958.0396267970921,NO
1093.1127085255266,959.0997280456942,NO
1092.0708127725673,960.0923343071964,NO
1090.995996001297,960.9932301291346,NO
1089.0019039189465,962.0033847446393,NO
1088.24236547736,962.412138390639,NO
1087.0779799066624,963.1188130146165,NO
1086.017006689772,964.0198824569692,NO
1084.9996590458547,964.9996487564362,NO
1083.9755312083837,965.9682725222124,NO
1083.2524912601418,966.3625515564003,NO
1082.20605374785,967.2122046173098,NO
1081.192944536622,968.2176194992634,NO
1080.0655757372526,969.1101725118662,NO
1078.9868293347931,969.9836798269719,NO
1078.354005799342,970.4408512943014,NO
1077.1477047373207,971.2396239963241,NO
1075.1078866000464,972.2715348069471,NO
1073.9931477158252,972.9895437467887,NO
1073.3228117048027,973.3925745411111,NO
1072.2979990244169,974.2788042342427,NO
1071.1707672134319,975.2247554668152,NO
1070.3025954438228,976.1946931945322,NO
1069.9619280165698,976.97360226342,NO
1068.342608043354,978.4548668301276,NO
1067.1250743734,979.2069131733873,NO
1066.03417012286,980.0447671892102,NO
1065.010226180961,981.0103904567021,NO
1064.024320976392,982.021172828721,NO
1063.0615153340812,983.054545216356,NO
1062.0897823579348,984.0817312214949,NO
1061.121929912663,985.1089695379447,NO
1060.1801611099422,986.1556174188815,NO
1059.1786050214037,987.2010063317807,NO
1058.0646700139955,988.1021423579475,NO
1056.9995689513714,988.9995013609445,NO
1055.988991906934,989.9886187511088,NO
1055.455358854334,990.524836318862,NO
1054.116100123907,991.2298200557001,NO
1052.2297797720505,992.3804725567338,NO
1051.0675051762867,993.1120792010041,NO
1049.0181769564538,994.1226338633998,NO
1048.0070059383072,994.2233142921802,NO
1046.9933591453214,994.225789066644,NO
1045.9987682920294,994.2093903616249,NO
1045.1042929658263,994.3433294024311,NO
1043.9843723451695,994.9772906476461,NO
1043.2938972427387,995.3751371175814,NO
1042.3125090899327,996.2691610455199,NO
1041.5543847420565,997.4093635743387,NO
1041.0019007580324,998.0017135621771,NO
1040.016285815465,999.014689970011,NO
1039.0863521890117,1000.0655934256201,NO
1038.0635145284782,1001.0854597486322,NO
1036.1131791454407,1002.2780883779491,NO
1034.1145824203902,1003.2444048578648,NO
1032.112038484994,1004.3030438682588,NO
1030.1322945413071,1005.2664611663977,NO
1029.0393059023875,1006.0481833114284,NO
1028.0257997175097,1007.0247205134311,NO
1027.0831245338343,1008.0626724540641,NO
1026.1614877585182,1009.1332108291934,NO
1025.35767803513,1010.2374242043712,NO
1024.1981519681951,1012.1197952953117,NO
1023.3090346324972,1013.2818998940077,NO
1022.1951335725581,1014.2614194224174,NO
1021.0753348411146,1015.1123979701224,NO
1019.1998176574037,1016.3798420405437,NO
1018.0746685632162,1017.098718247237,NO
1017.0132232019365,1018.0177680020143,NO
1015.0337733894788,1019.2993249506729,NO
1013.3887537183004,1017.7493083395739,NO
1012.8829594389681,1017.3022313334067,NO
1012.0982523049985,1017.2543000730111,NO
1011.5953429962162,1017.2366697387663,NO
1010.9959968770164,1017.9959642871396,NO
1010.6003733839325,1018.5396614697846,NO
1010.0169226121029,1019.014579481524,NO
1009.021825731973,1020.0236965089443,NO
1008.0181477526904,1021.0168017545983,NO
1007.0386707624712,1022.0352355428425,NO
1006.0679176226764,1023.0595453890264,NO
1005.1093224467235,1024.0944990645548,NO
1004.173126821142,1025.1574340380482,NO
1003.0431469587279,1026.1092682707392,NO
1001.0468388183706,1027.0691797005277,NO
999.974705698308,1027.965189030446,NO
999.3402776192609,1028.359008492787,NO
998.3700342878329,1029.3507950673559,NO
997.3734945461644,1030.3721510248893,NO
996.964301904417,1030.9697023842484,NO
996.0205168952349,1032.0163095703808,NO
995.0410666471157,1033.043295501308,NO
994.0060643186845,1034.00730737095,NO
993.5045910108544,1034.555559788985,NO
992.5542560974134,1035.509177967826,NO
991.9986092518363,1035.9986886200777,NO
991.0119917329016,1037.0109731304435,NO
990.0220604373422,1038.0222390646297,NO
989.030796980672,1039.0275429610392,NO
988.115619486667,1040.0785002750217,NO
987.268417016934,1041.1966397683618,NO
986.5131000645281,1042.3949519918692,NO
986.0051459670117,1043.004152776661,NO
985.0913393822719,1044.0616568078287,NO
984.1110909587728,1045.1233974350296,NO
983.0626796883095,1046.0719260514024,NO
982.0344163946296,1047.0387667801938,NO
981.0628426840352,1048.0496210293036,NO
980.1770692582745,1049.1293311939114,NO
979.2894423715273,1050.2304981746672,NO
978.3683584049683,1051.3302311445166,NO
977.1821827347162,1052.2538611733692,NO
976.2573133027834,1053.190998997881,NO
975.2071891371728,1054.320037266944,NO
973.0958005216361,1055.2998261935174,NO
971.0817614429599,1056.1873004519869,NO
969.1372165827064,1057.245561131809,NO
968.0556131104748,1058.0626825732897,NO
967.0459253346187,1059.0460481310718,NO
966.0539245440779,1060.0520626108625,NO
965.195985766146,1061.1243951127515,NO
964.2936886544169,1062.336407015281,NO
963.0829115226599,1063.1416256948874,NO
962.0271207747395,1064.0254661925474,NO
961.0437885263372,1065.042284560534,NO
960.0138759346148,1066.0180859703905,NO
959.3896153377067,1066.5778983630998,NO
958.2322131019549,1067.2862779918507,NO
957.2071194665206,1068.2106240194971,NO
956.2330976853249,1069.2188110630184,NO
955.2272453645489,1070.227245364549,NO
954.1074415279531,1071.166747633085,NO
952.1287496885307,1072.2992560453963,NO
950.1075443227038,1073.2614387394085,NO
949.0246411421556,1074.0283444358822,NO
947.9918696831221,1074.9901220451857,NO
947.3714815550092,1075.488444707232,NO
946.310744970062,1076.3294013237803,NO
945.2589721541054,1077.3116970295891,NO
944.0479919600054,1078.1116417713488,NO
943.3413970273649,1078.575447579695,NO
942.1119376171642,1079.166982157264,NO
941.052224204061,1080.055644072045,NO
940.1052740321395,1081.0837561777641,NO
939.1584955006059,1082.1482067614913,NO
938.1596258951458,1083.1724172772547,NO
937.0540849103317,1084.0840302248878,NO
935.9767337216111,1084.9681492671955,NO
935.2331729351017,1085.386318594816,NO
933.1079960823819,1086.2955856184976,NO
931.993337823369,1086.990204007399,NO
931.2853355767002,1087.4039165691745,NO
930.1882831905093,1088.2292747313509,NO
929.0622698897594,1089.1091009651755,NO
927.9761039992036,1089.9697066456556,NO
927.3408646643995,1090.3741197697964,NO
926.2848432914038,1091.322892847183,NO
925.2532441617894,1092.2630875733619,NO
924.2163683936656,1093.23793088286,NO
923.0831511812219,1094.1277394964484,NO
922.0114451549088,1095.0140494412663,NO
920.9960438573637,1095.9959903236788,NO
920.5504890182825,1096.5504890182824,NO
919.5701903460521,1097.5421659004203,NO
918.9992487087844,1097.9992740770917,NO
918.0003152923449,1099.0003211778067,NO
916.9984863110993,1099.9985256276157,NO
916.0157813405622,1101.0141872666395,NO
915.0510623706992,1102.0439373913557,NO
914.0815008785818,1103.0784693728508,NO
913.0408683935906,1104.0531685899139,NO
911.9920091396677,1104.9904996212392,NO
911.3823995395447,1105.492131580358,NO
910.3402195654957,1106.3637280067933,NO
909.2857471708461,1107.3281627586161,NO
908.2327434548679,1108.2479499335739,NO
907.1565231255888,1109.1983018560145,NO
906.0462132113533,1110.06615786416,NO
904.9918497965309,1110.990607164941,NO
904.4056718454975,1111.5528458346516,NO
902.0114699557594,1112.2437365542048,NO
901.0107188683081,1112.2877169972999,NO
899.8692860051756,1112.5993639625556,NO
898.9779967714331,1112.9565140471216,NO
898.143830115447,1113.256749380597,NO
897.0408337725511,1114.0539566420168,NO
895.9882466921123,1114.9859139744663,NO
895.4820063615122,1115.4746615177235,NO
894.9836053983912,1115.9852902193797,NO
893.9976935557197,1116.997560042323,NO
892.9723809037017,1117.970455935427,NO
892.520391205449,1118.4479557997122,NO
891.9848410112885,1118.986793153824,NO
891.0048135720992,1120.0047627020208,NO
889.9980173636048,1120.9978622969895,NO
889.5176173374265,1121.570870139901,NO
888.5715259394265,1122.5242568771148,NO
888.0007596558696,1123.0006798968645,NO
887.0244995290024,1124.0222866688914,NO
886.0346767974423,1125.0372022784716,NO
884.9798216063334,1125.9711785837396,NO
884.2407298247462,1126.3645642344895,NO
882.0472804522662,1127.3494642092041,NO
880.9641298374431,1127.4065285008692,NO
879.077506603323,1128.0823441917184,NO
878.0537412997711,1129.0597208599866,NO
877.0343663480885,1130.037104324772,NO
876.0232590013194,1131.0246589963385,NO
875.0072698697112,1132.00786124745,NO
873.9980960948365,1132.9980700496526,NO
872.1869610048212,1134.320963077501,NO
871.1194017782913,1135.1364857001322,NO
869.0872326679403,1136.277092005064,NO
867.1831077565027,1137.204097490089,NO
866.1353022774409,1138.1505691027478,NO
865.1038281042416,1139.1183495256253,NO
864.0699529567901,1140.0842661041256,NO
863.0307651090642,1141.0380515828776,NO
861.9905578405809,1141.9882596022512,NO
861.3606692614875,1142.4179400101823,NO
860.2306429860097,1143.2607923956743,NO
859.1661201794983,1144.181573233438,NO
858.1398458390961,1145.1454999825937,NO
857.1270219723283,1146.1341925646982,NO
856.1919746396469,1147.164512678691,NO
855.2670710922448,1148.2558532364433,NO
854.4114551208377,1149.3251084266115,NO
853.9912394924534,1149.9938766349187,NO
853.1459619109371,1151.087441843871,NO
852.214866399081,1152.2101066983264,NO
851.2192795433679,1153.2214328525506,NO
849.0170446386882,1154.3779463298795,NO
847.9983971490087,1154.407925592466,NO
846.9362207897221,1154.1999990151096,NO
846.0037650936579,1154.1094028702892,NO
845.190077129704,1154.2555551924218,NO
844.0710438348025,1155.1007203750648,NO
842.2538105274688,1156.3638119275531,NO
841.1090996623909,1157.1538860574599,NO
840.0269108169828,1158.0414837865515,NO
838.9553473132245,1158.9312348651024,NO
838.1505215140343,1159.2286716104225,NO
837.0411920080204,1160.0677490756436,NO
835.9573195022317,1160.9298027843076,NO
835.1577385853801,1161.2208340098268,NO
834.0609676837938,1162.0912522898107,NO
832.2084173272943,1163.2942589700694,NO
831.0922405789275,1164.130439720886,NO
830.008112760103,1165.0137018682233,NO
829.2935988358107,1165.4254436275735,NO
828.1259325546854,1166.1731829468315,NO
827.0358092171215,1167.0580060303998,NO
825.9556293473718,1167.9286277152519,NO
825.1576126442217,1168.2206576922126,NO
824.0617221937938,1169.091629854103,NO
822.2106061349372,1170.3006965797827,NO
821.0941585896737,1171.130983726448,NO
820.0128567516768,1172.0211170493203,NO
819.323151471228,1172.466468092539,NO
818.1316489937388,1173.185545548813,NO
817.0377785029494,1174.0610268170637,NO
815.9571127056698,1174.9306753355809,NO
815.158951457709,1175.2233020489282,NO
814.061734558446,1176.0918980216793,NO
812.2138046163432,1177.3026896694032,NO
811.094888702859,1178.1335752692603,NO
810.0108466365608,1179.0182170304395,NO
809.3045903802688,1179.4449724016577,NO
808.1288755239531,1180.1769665489996,NO
807.038324406663,1181.061908661591,NO
805.957331660582,1181.9308377696157,NO
805.1604084949138,1182.2233570927601,NO
804.0638106222347,1183.0947302363413,NO
802.2146264473437,1184.3049954848238,NO
801.0955320438694,1185.1337448555394,NO
800.0119736668291,1186.0201098886162,NO
799.3080039924192,1186.4521760823031,NO
798.1296010126338,1187.177962760105,NO
797.0387569968053,1188.0624344822759,NO
795.958483227955,1188.9327043753715,NO
795.1615063082758,1189.2264447165317,NO
794.0645857617411,1190.0951020094965,NO
792.2195940842505,1191.3115750161055,NO
791.0994635492124,1192.1377309220936,NO
790.0148213288315,1193.0250321582253,NO
789.3175648538418,1193.4715356705046,NO
788.130938679235,1194.1804714045118,NO
787.0393421087919,1195.0633770517977,NO
785.9586886222565,1195.932851263582,NO
785.1615222155017,1196.2264670197303,NO
784.0638223314113,1197.0947476192318,NO
782.2146264473437,1198.3049954848238,NO
781.0958527828369,1199.1338264097658,NO
780.0125317682143,1200.0210472252613,NO
779.3081414415013,1200.455943791101,NO
778.1289112147551,1201.1770155581357,NO
777.0387213668487,1202.0622048502548,NO
775.958483227955,1202.9327043753715,NO
775.1615063082758,1203.2264447165317,NO
774.0638223314113,1204.0947476192318,NO
772.2166828574972,1205.3027127904404,NO
771.1029715202015,1206.1390115450542,NO
770.0195566488076,1207.0329375141416,NO
769.3402160428166,1207.5091925205857,NO
768.1534268433884,1208.1891629129116,NO
767.0809740059264,1209.1114021183903,NO
766.003448795401,1210.005712067681,NO
765.289334472987,1210.4018212192834,NO
764.1535144307737,1211.1776218856282,NO
763.1034579980939,1212.1259488693568,NO
762.0429950457485,1213.06158749748,NO
760.2567112850601,1214.319391243707,NO
759.1603458572057,1215.179624982244,NO
758.1206641265845,1216.1372957440149,NO
757.077546372837,1217.0971899323345,NO
756.0305803391987,1218.0397774319856,NO
754.9822607349322,1218.976678634742,NO
754.2989911905186,1219.358132312155,NO
753.1842172578888,1220.210981448729,NO
752.1319692322922,1221.1496151917859,NO
751.0926235533102,1222.1106964402923,NO
750.0505279877386,1223.064002114886,NO
749.0033840244328,1224.0044488917401,NO
748.3890475256853,1224.4744671561918,NO
747.2208078258243,1225.2571249052312,NO
746.1503614065165,1226.1695936852552,NO
745.1110716273276,1227.1283529291695,NO
744.0701385507373,1228.0869800186738,NO
742.4664348570138,1229.3350957503665,NO
741.2746055207065,1230.3252420108583,NO
740.1759293623162,1231.1993866021721,NO
739.1280200486219,1232.1458410195248,NO
738.0879536926044,1233.1059499892403,NO
737.0452411028118,1234.0580706708527,NO
735.995133747604,1234.9935338840205,NO
735.3488314851776,1235.4198029596057,NO
734.2097382952999,1236.2407108823325,NO
733.1431550740156,1237.164440529954,NO
732.103637165977,1238.1197162797894,NO
731.0649135915197,1239.0811419893996,NO
730.0165053821745,1240.021699210477,NO
729.476889059128,1240.5813026614828,NO
728.2575678202063,1241.3030997290489,NO
727.1634937513489,1242.1886087449247,NO
726.119629801999,1243.1350659054826,NO
725.0818866064418,1244.0999515727576,NO
724.0361178049983,1245.0467311316738,NO
722.988167662887,1245.984526944222,NO
722.3258578784222,1246.3879840525835,NO
721.195654563303,1247.2266125580657,NO
720.1380108413464,1248.1553360261837,NO
719.0991058478064,1249.1178479317468,NO
718.05504294723,1250.069906178161,NO
717.0091054059077,1251.011843873341,NO
716.428203221089,1251.5210243771103,NO
715.2363998590467,1252.2779295690107,NO
714.1557994500964,1253.1769092488137,NO
713.1153113903074,1254.1318772464545,NO
712.0747182034352,1255.0924146215295,NO
711.030211975339,1256.0388826745705,NO
709.9819296828871,1256.976052709887,NO
709.2927617491126,1257.3538878231827,NO
708.1822294485747,1258.2067871717736,NO
707.1315849927131,1259.149579524067,NO
706.0919316977152,1260.1098695884943,NO
705.0504668713428,1261.063755481738,NO
704.0033840244328,1262.0044488917401,NO
703.3890475256853,1262.4744671561918,NO
702.2208313543568,1263.2571523035883,NO
701.1479323805095,1264.1691273572283,NO
700.1078449943809,1265.12427271503,NO
699.0697310427161,1266.0857915443053,NO
698.0243025894971,1267.0317803084251,NO
696.9734157729467,1267.9648636388313,NO
696.2723833541606,1268.3203381684455,NO
695.175453815942,1269.199415640077,NO
694.1272911211612,1270.1450106220584,NO
693.0879445970654,1271.1056600534628,NO
692.0452411028118,1272.0580706708527,NO
690.995133747604,1272.9935338840205,NO
690.3489356453505,1273.4199283116761,NO
689.2072130034705,1274.2391431103329,NO
688.1421540491026,1275.1623440517149,NO
687.103626860234,1276.1197043751295,NO
686.0649135915197,1277.0811419893996,NO
685.0165053821745,1278.021699210477,NO
684.4770614173578,1278.5815127570927,NO
683.2541993540899,1279.3008980139582,NO
682.1623310577171,1280.1861460848004,NO
681.1196169007529,1281.1350513395598,NO
680.0818866064418,1282.0999515727576,NO
679.0361178049983,1283.0467311316738,NO
677.9880462491283,1283.9843265011932,NO
677.3234628430727,1284.3863415881601,NO
676.1949411620953,1285.2250740230013,NO
675.1380022070597,1286.1553263079925,NO
674.0991058478064,1287.1178479317468,NO
673.05504294723,1288.069906178161,NO
672.0091054059077,1289.011843873341,NO
671.4282774783695,1289.5211147310624,NO
670.2348927774678,1290.2769512821264,NO
669.1552445400781,1291.1757614394016,NO
668.1153060747246,1292.1318711672247,NO
667.0747182034352,1293.0924146215295,NO
666.030211975339,1294.0388826745705,NO
664.9820402353914,1294.9762625870396,NO
664.2948344977765,1295.3553133839337,NO
663.1828876008028,1296.2081716034256,NO
662.131592140493,1297.1495876493211,NO
661.0919316977152,1298.1098695884943,NO
660.0502323403077,1299.0636276281573,NO
659.0027276028692,1300.0035859108339,NO
658.387222272814,1300.4703634641921,NO
657.2208131385416,1301.2571310917508,NO
656.1479323805095,1302.1691273572283,NO
655.1078449943809,1303.12427271503,NO
654.0692015064674,1304.0855913383277,NO
653.0229855912382,1305.0300580799826,NO
651.9730331293113,1305.9645473339062,NO
651.2724049575035,1306.3203635751936,NO
650.1734420109267,1307.1981818411969,NO
649.1264025611231,1308.1431848172072,NO
648.087338375852,1309.10548661658,NO
647.0439096840546,1310.0563616855359,NO
645.9948314630944,1310.9931687470519,NO
645.3489269315825,1311.4199178250492,NO
644.205959670217,1312.238357815314,NO
643.1416527274323,1313.1613039726346,NO
642.1036218822128,1314.1196986247774,NO
641.0649135915197,1315.0811419893996,NO
640.0165053821745,1316.021699210477,NO
639.4770614173578,1316.5815127570927,NO
638.2541993540899,1317.3008980139582,NO
637.1623310577171,1318.1861460848004,NO
636.1199581996974,1319.1350789858773,NO
635.0825711472278,1320.1007871297693,NO
634.0361994745077,1321.0469614810156,NO
632.988167662887,1321.984526944222,NO
632.3241897775758,1322.3859979212993,NO
631.2549087007139,1323.2565194987696,NO
630.2498468606293,1324.2822011455437,NO
629.1244970542771,1325.175648653857,NO
628.0554193356202,1326.0705711286928,NO
627.0087868089176,1327.0114904420993,NO
626.4209676494897,1327.5156638585793,NO
625.2330898351465,1328.2729810624728,NO
624.1561056526184,1329.1762778863083,NO
623.1157214275661,1330.1327200546325,NO
622.0747218538195,1331.0924191364786,NO
621.0294232787437,1332.0382723834884,NO
619.2900001304646,1333.3444405975672,NO
618.1828296504831,1334.20810564154,NO
617.131592140493,1335.1495876493211,NO
616.0916265310108,1336.1097938590392,NO
615.0490975297006,1337.062520924299,NO
614.0012735241967,1338.0016698172976,NO
613.3835778727207,1338.4622605325574,NO
612.2207773176469,1339.257089379261,NO
611.1479323805095,1340.1691273572283,NO
610.1078449943809,1341.12427271503,NO
609.0692015064674,1342.0855913383277,NO
608.0229855912382,1343.0300580799826,NO
606.9730331293113,1343.9645473339062,NO
606.2724049575035,1344.3203635751936,NO
605.1734420109267,1345.1981818411969,NO
604.1264025611231,1346.1431848172072,NO
603.08704480128,1347.105409752368,NO
602.0432439621989,1348.055507176862,NO
600.994678550087,1348.99298536155,NO
600.3489499520294,1349.4199455291189,NO
599.2047349940726,1350.2375977613376,NO
598.1411405366174,1351.1602575436143,NO
597.102349243339,1352.1194800397952,NO
596.0622101654732,1353.0777627068414,NO
595.0160436409581,1354.020868795237,NO
594.4770616164291,1354.5815129997502,NO
593.2509181143063,1355.2987534759056,NO
592.1611684494999,1356.183712837039,NO
591.1182286209558,1357.1349040199445,NO
590.0791481171423,1358.0966089466024,NO
589.0357833681938,1359.0458091100888,NO
587.9874424527429,1359.9833139446182,NO
587.3118986204497,1360.3783592793152,NO
586.1914081549273,1361.2175633057814,NO
585.1368395622177,1362.1552678144842,NO
584.0970207285286,1363.1153684918372,NO
583.0548798551844,1364.0691469975254,NO
582.0083123871761,1365.0109572375295,NO
581.4103495305438,1365.5076921410061,NO
580.2304728768191,1366.2672260326206,NO
579.1543658858534,1367.1757361302732,NO
578.1138789960702,1368.1302390717058,NO
577.0746608860997,1369.0918568325985,NO
575.495428949977,1370.3706543252256,NO
574.2876273835873,1371.3391735008427,NO
573.1823277319073,1372.208134111625,NO
572.1308569743724,1373.148751947649,NO
571.0919259628681,1374.1095736335185,NO
570.0495376352989,1375.0632489487034,NO
569.0007583343024,1376.000996963019,NO
568.3817960000877,1376.4583052243966,NO
567.2201796561417,1377.257178540736,NO
566.1471663252297,1378.16825154556,NO
565.107197344518,1379.1238523017396,NO
564.0667884339597,1380.0834855424496,NO
563.0201322938824,1381.0261871179853,NO
561.9722652383814,1381.9639239582416,NO
561.2723841214737,1382.3203390708488,NO
560.171471689331,1383.196971269047,NO
559.125517539749,1384.1413835158007,NO
558.0861564967736,1385.1051634416176,NO
557.0412466445576,1386.0529434556413,NO
555.9942176117532,1386.992438415588,NO
555.3488606103459,1387.4198380104322,NO
554.2047349940726,1388.2375977613376,NO
553.1411405366174,1389.1602575436143,NO
552.102030151243,1390.1194216635515,NO
551.0615342173678,1391.0769177717098,NO
550.0157543090961,1392.0204924462898,NO
549.4726389910878,1392.5781120985985,NO
548.2499318632246,1393.2965512735752,NO
547.1611561385066,1394.183698803973,NO
546.1182286209558,1395.1349040199445,NO
545.0791481171423,1396.0966089466024,NO
544.046372649471,1397.05230628411,NO
543.0610143521387,1398.048811481711,NO
542.213493678611,1399.1347725538376,NO
541.2841993603083,1400.5822683204444,NO
540.2868285000038,1402.1775940680611,NO
539.1340786791731,1404.0829036122925,NO
538.4243214122748,1405.2555053662136,NO
538.0213883225791,1406.0115997148077,NO
537.196990972723,1407.12261223282,NO
536.9161595286623,1407.950258167462,NO
536.0696833327884,1409.040883781041,NO
535.2620440633302,1410.1627897448057,NO
534.1175320052926,1412.0724442986004,NO
533.3781042122426,1413.2274533266836,NO
532.1750218092506,1415.1109460245104,NO
531.5862089937765,1416.3462802101142,NO
531.0532513433694,1417.030226685182,NO
530.2334526273337,1418.1467021943417,NO
529.0956338721888,1420.0583133373518,NO
528.3250510976592,1421.1956815690296,NO
527.1539747450269,1423.0965546379525,NO
526.4927205281992,1424.2948076983814,NO
526.0367048163553,1425.0203666973225,NO
525.2074865333886,1426.1317298305028,NO
524.242570840515,1427.5613658829716,NO
523.2797666302646,1429.1731888654203,NO
522.1327988873896,1431.081411497042,NO
521.4339504739039,1432.2568753829316,NO
521.024073268945,1433.0130933323849,NO
520.1921652871288,1434.122006209362,NO
519.9124375938204,1434.9480873451225,NO
519.0675743240706,1436.039453334036,NO
518.2522682048815,1437.1588804510893,NO
517.11418637228,1439.0698825509883,NO
516.3643959711027,1440.2210888896732,NO
515.171284247053,1442.10808825761,NO
514.5750525082323,1443.338071218079,NO
514.051745554942,1444.029288936764,NO
513.2275476038197,1445.1441672734838,NO
512.3684980284368,1446.630771301365,NO
511.3159642735419,1448.1933748863305,NO
510.1483151751189,1450.09325009392,NO
509.4688629770666,1451.2815761118713,NO
509.0321798344814,1452.0176533095175,NO
508.20573246494314,1453.1295352524846,NO
507.92229364475133,1453.9542522080108,NO
507.0744870833052,1455.044195155283,NO
506.27859552972035,1456.1698588585632,NO
505.1327526324363,1458.0813831407427,NO
504.4209913558628,1459.2537250064802,NO
504.02017471548385,1460.0109729283631,NO
503.18666019606576,1461.1188225481192,NO
502.9081903447198,1461.9451074905583,NO
502.06412551090676,1463.0370209135815,NO
501.24861485419314,1464.1563147379081,NO
500.1101766812838,1466.0672843677798,NO
499.3549078855918,1467.2153168747827,NO
498.16346581458487,1469.103357308825,NO
497.54732218432616,1470.3203078673034,NO
497.0474012523966,1471.0266027429316,NO
496.22261724485463,1472.1409036224868,NO
495.34043048638165,1473.6152511132632,NO
494.3146956797877,1475.1902264815562,NO
493.1602333443783,1477.097202327352,NO
492.5190598613823,1478.3114359023973,NO
492.0406119969784,1479.0229221077263,NO
491.2178601932294,1480.1360037439524,NO
490.29013997257243,1481.5718998262091,NO
489.27304659897453,1483.170612557172,NO
488.12382425124514,1485.0768703062338,NO
487.40161362192714,1486.238854429858,NO
486.1815690801831,1488.1158071539635,NO
485.9040113943098,1488.94216331275,NO
485.0598454920611,1490.0342589287127,NO
484.2432336039288,1491.1527820128822,NO
483.10428898043926,1493.0635962669337,NO
482.34452404852163,1494.2077664118558,NO
481.16100597200904,1496.101280850716,NO
480.52706452177614,1497.3123621336997,NO
480.043375885791,1498.0242745783003,NO
479.2177525916359,1499.1376889919018,NO
478.30164632491255,1500.5894527157795,NO
477.29302111696484,1502.1798493648153,NO
476.1393881531033,1504.0863169561064,NO
475.45170021099847,1505.2678331061297,NO
475.02872992236286,1506.0156260632384,NO
474.2013694293635,1507.1270462197692,NO
473.9194117985723,1507.952555588743,NO
473.07382134016234,1509.043555361829,NO
472.2779678481467,1510.169476162991,NO
471.3103044846916,1512.1214234944416,NO
470.997189042939,1512.998600033134,NO
470.05796436736983,1515.0265954156168,NO
469.1296202441104,1517.0574792476843,NO
468.2006329680544,1519.0830488914535,NO
467.2968784119623,1521.1071275540655,NO
466.99343866651907,1521.9967450641032,NO
466.05188320644385,1524.0239069663064,NO
465.1236605204448,1526.0544106272241,NO
464.18804520265417,1528.0796540177898,NO
463.27027707586745,1530.103383120842,NO
462.35403808328954,1532.1286351281458,NO
462.0212788903286,1533.0103056587793,NO
461.1761826761193,1535.0574508750487,NO
460.2177402683917,1537.108152308737,NO
459.26322123729136,1539.1048423527895,NO
458.35885703020125,1541.125894101218,NO
458.02296962950305,1542.0112145844705,NO
457.08852271658174,1544.0396344320768,NO
456.1662265277672,1546.070423574981,NO
455.24304242705745,1548.0960511748945,NO
454.33522479333215,1550.1197231389604,NO
454.0116217703355,1551.005719733769,NO
453.06348977120376,1553.0292789598132,NO
452.1789885529945,1555.0670758727642,NO
451.9599375025717,1555.9881383589804,NO
451.77568493062944,1556.993842331357,NO
451.7788841941509,1558.008237647501,NO
451.81614408431653,1559.007210035963,NO
451.8342894598919,1559.9996750773894,NO
451.8333333333333,1561.0,NO
451.8313998066478,1561.9993388227906,NO
451.8459144198115,1563.0048340572307,NO
451.8817573755308,1564.0048688136271,NO
451.9068168070618,1565.0009135607236,NO
451.91371867150366,1566.000338358141,NO
451.9147173919407,1566.9998327792086,NO
451.9299754874845,1568.0021968473666,NO
451.96662435793763,1569.00143973359,NO
451.99302288538894,1570.0000684030852,NO
451.9950838906169,1570.9999710817103,NO
451.9921568627451,1572.0,NO
452.00418369256613,1572.9999015601718,NO
452.039017976233,1573.9981638598993,NO
452.0768937670734,1574.9977384186914,NO
452.09215686274507,1576.0,NO
452.09215686274507,1577.0,NO
452.09812975941395,1577.9988455322734,NO
452.13060702324043,1578.9928294182403,NO
452.17877354345484,1579.9922882000287,NO
452.2019607843137,1581.0,NO
452.2019607843137,1582.0,NO
452.2019607843137,1583.0,NO
452.22631406390445,1583.9884624198346,NO
452.2756365380167,1584.9859479406668,NO
452.30292791893294,1586.0005939762807,NO
452.30196078431374,1587.0,NO
452.30294829783105,1587.9994059837607,NO
452.3298761488949,1588.9812423371673,NO
452.3846924384236,1589.9781253325575,NO
452.41764705882355,1591.0,NO
452.41764705882355,1592.0,NO
452.41764705882355,1593.0,NO
452.43314127860214,1593.9855619583486,NO
452.4689316398282,1594.9806910514,NO
452.49584479355394,1595.9961110214533,NO
452.5000000004902,1597.0,NO
452.5000000004902,1598.0,NO
452.5000000004902,1599.0,NO
452.5000000004902,1600.0,NO
452.5000000004902,1601.0,NO
452.5000000004902,1602.0,NO
452.5000000004902,1603.0,NO
452.5000000004902,1604.0,NO
452.5367440838389,1605.028158693933,NO
452.60050090677566,1606.028983268999,NO
452.6085726552144,1606.9800448797062,NO
452.5536724622202,1607.9676193730888,NO
452.50536510663477,1608.9951506382552,NO
452.5000000004902,1610.0,NO
452.5000000004902,1611.0,NO
452.5000000004902,1612.0,NO
452.5000000004902,1613.0,NO
452.5000000004902,1614.0,NO
452.50300062785794,1615.0029235256259,NO
452.5088543531178,1616.002889091949,NO
452.509811333573,1616.9980776915606,NO
452.50495579684303,1617.9970879753678,NO
452.5009908157886,1618.9990215506702,NO
452.5009908157886,1620.0009784493298,NO
452.50495579684303,1621.0029120246322,NO
452.50982271155476,1622.0019222638198,NO
452.5117647054259,1623.0,NO
452.51276104950125,1624.0009553704413,NO
452.519885365279,1625.0056484073148,NO
452.53582966360443,1626.0091013793824,NO
452.55008561193927,1627.0044109254143,NO
452.5529397950836,1627.9982468227772,NO
452.54904523067347,1628.998231549976,NO
452.55221324872514,1630.00439006623,NO
452.5740950500595,1631.013361723403,NO
452.60726878232254,1632.013861100922,NO
452.6305370426202,1633.0050710602143,NO
452.6372549019608,1634.0,NO
452.641329360106,1635.0028131028942,NO
452.6607127737737,1636.0099790357308,NO
452.68270616908006,1637.0049771584543,NO
452.7091715913394,1638.0091240281542,NO
452.8732342933548,1639.029330104956,NO
453.0910990784025,1639.9667756308756,NO
453.3564329079671,1640.9346188136535,NO
453.62216521207455,1642.0560993654938,NO
453.8847842236998,1643.0395348250586,NO
454.11690830071717,1643.9587382455018,NO
454.39081959382474,1644.937965140468,NO
454.64957885352595,1646.0574291750763,NO
454.914284603213,1647.0310928406504,NO
455.1481383842654,1647.9500396036283,NO
455.4262412800015,1648.9415464926647,NO
455.6989207653251,1650.0608061973344,NO
455.9590291783713,1651.0156653147674,NO
456.19966194929026,1651.9404929080138,NO
456.4724912510223,1652.9447238131788,NO
456.7497773356565,1654.0583852880916,NO
456.9966744093879,1655.0012519870204,NO
457.2421599588066,1655.935424008993,NO
457.5354903277829,1657.049535238727,NO
457.7640256863786,1658.0578368418578,NO
458.0119702565571,1658.9953292528216,NO
458.2661801668587,1659.932150152984,NO
458.57187776251874,1661.05458132078,NO
458.82887118420547,1662.0520097389697,NO
459.06568317197633,1662.9750146372157,NO
459.3359052112458,1663.9309601943824,NO
459.61617104649605,1665.054832708469,NO
459.85617942570536,1666.0428641720393,NO
460.08546530914475,1666.96966819446,NO
460.347051786518,1667.9325081941088,NO
460.62464924788566,1669.0568937166756,NO
460.8809358804524,1670.0394545821546,NO
461.111430613753,1670.9611085294102,NO
461.383404960963,1671.932655418852,NO
461.66847829447,1673.0586187686185,NO
461.91851789363795,1674.0276400085281,NO
462.1478124755559,1674.9518884892386,NO
462.41808477442873,1675.9361958987135,NO
462.6995332203618,1677.0595042023901,NO
462.94916379713817,1678.018041867923,NO
463.1820832263909,1678.945018007149,NO
463.44782744983263,1679.9411943750026,NO
463.7259542535375,1681.0596452489306,NO
463.9757918478781,1682.008971256637,NO
464.21564414780556,1682.939112241091,NO
464.4718902942334,1683.9519062346699,NO
464.7299884063411,1685.0603555338644,NO
464.98649433583637,1686.0053228208976,NO
465.235531713561,1686.9348824115168,NO
465.5486914779842,1688.0539755923355,NO
465.78758386077226,1689.0558112975298,NO
466.0298665067251,1689.9885218911927,NO
466.28695752264497,1690.9319179198399,NO
466.5618129089419,1692.0478180358868,NO
466.8033210753507,1693.0551472244304,NO
467.0450612384149,1693.982328925122,NO
467.31154926154596,1694.9308348409052,NO
467.5866500719381,1696.0489171501122,NO
467.88337379518316,1697.045278406341,NO
468.14262317223125,1697.9177296152097,NO
468.99510961293026,1699.0033138807719,NO
469.39421164058103,1699.6894090240485,NO
470.2025584924413,1700.831639695002,NO
471.1301715087413,1701.8935527970532,NO
472.06888518377735,1702.9497955446295,NO
472.9859389244178,1704.0098427532146,NO
473.37083490205055,1704.704777613151,NO
474.19827756736925,1705.8365169564543,NO
475.1244216810463,1706.8982819173264,NO
476.08946287131164,1707.9180708447761,NO
477.0873491944113,1708.9237076700158,NO
478.3180240474516,1710.794219736658,NO
478.2122434098035,1714.2822503941895,NO
477.11599665564773,1715.1449958195597,NO
476.0791771079826,1716.0870164280348,NO
475.06517683926364,1717.0684294266193,NO
474.06563299121757,1718.0627480230837,NO
473.0968459854447,1719.0834760932635,NO
472.17857280513164,1720.1366694356775,NO
471.4003262780288,1721.2852324665034,NO
470.994539718843,1721.99629113004,NO
470.12292449003616,1723.0754799543965,NO
469.47448474310414,1724.2611505249047,NO
469.0339042990784,1725.0190366362315,NO
468.3342737459073,1726.1564446145694,NO
468.00551423008795,1727.0026235795253,NO
467.0757886042748,1729.029050511609,NO
466.3058196368401,1731.0880252400657,NO
466.06331518416613,1732.0185700968814,NO
465.84727274427433,1732.9576470661978,NO
465.5970320465643,1733.9156025788207,NO
465.2688571949855,1735.0540739511434,NO
465.1000603242303,1736.0190058717687,NO
464.94511241205436,1736.9914142318867,NO
464.807759415676,1737.974761711287,NO
464.6880838235695,1738.9651490305012,NO
464.58992873866845,1739.9702182887281,NO
464.53040237953934,1740.984259297736,NO
